11
14
17
20
21
28
34
38
45
46
54
59
60
64
65
66
74
82
84
108
109
116
129
132
137
146
160
169
172
173
191
196
199
205
208
217
220
224
229
238
244
248
254
258
267
280
282
287
292
300
315
328
332
338
341
345
350
351
358
366
370
374
385
391
392
394
397
399
405
409
412
417
418
441
442
446
447
450
452
453
456
458
460
470
472
476
484
489
516
517
518
521
524
525
529
532
533
550
553
554
567
568
581
584
591
611
619
621
627
632
634
636
640
647
650
652
653
656
660
669
670
677
685
691
693
695
696
697
703
706
707
708
711
712
738
746
754
760
763
767
771
773
774
785
788
791
806
813
814
816
831
832
837
839
847
859
875
889
893
899
901
904
907
919
920
940
943
945
964
972
976
979
1008
1014
1018
1023
1024
1030
1037
1042
1043
1047
1053
1054
1062
1064
1070
1073
1077
1090
1108
1110
1119
1132
1135
1136
1139
1140
1143
1144
1150
1156
1157
1158
1162
1164
1172
1184
1189
1193
1194
1208
1215
1218
1219
1257
1272
1274
1281
1283
1285
1287
1291
1303
1325
1333
1347
1357
1360
1366
1379
1390
1407
1408
1413
1417
1423
1429
1444
1445
1446
1450
1453
1456
1463
1464
1469
1483
1485
1496
1508
1509
1512
1520
1521
1534
1536
1547
1552
1555
1559
1560
1565
1566
1571
1572
1578
1579
1582
1584
1585
1594
1596
1600
1604
1610
1612
1613
1615
1616
1617
1618
1622
1628
1630
1633
1643
1650
1654
1655
1657
1675
1678
1680
1693
1703
1704
1720
1729
1732
1733
1740
1750
1753
1754
1759
1760
1762
1763
1766
1767
1768
1780
1817
1826
1843
1847
1857
1864
1868
1871
1880
1884
1891
1892
1905
1912
1921
1932
1936
1938
1942
1951
1958
1965
1966
1968
1988
1997
2014
2018
2020
2026
2028
2035
2044
2045
2048
2061
2075
2090
2104
2113
2115
2120
2126
2131
2132
2140
2144
2146
2150
2154
2155
2159
2163
2168
2177
2179
2183
2186
2193
2209
2214
2216
2228
2246
2248
2259
2262
2277
2296
2304
2307
2309
2327
2334
2341
2345
2355
2356
2363
2366
2384
2387
2389
2392
2406
2412
2414
2416
2427
2435
2436
2444
2450
2456
2461
2464
2469
2477
2478
2480
2481
2483
2489
2494
2497
2504
2506
2508
2510
2517
2526
2528
2534
2540
2561
2565
2570
2574
2584
2586
2587
2601
2605
2606
2607
2612
2621
2624
2629
2650
2653
2666
2669
2695
2704
2706
2709
2711
2713
2717
2719
2724
2725
2727
2730
2746
2760
2771
2785
2787
2790
2795
2809
2815
2817
2819
2820
2823
2824
2841
2844
2846
2847
2852
2868
2870
2873
2889
2893
2915
2921
2922
2923
2926
2930
2941
2945
2947
2951
2958
2961
2963
2986
3000
3002
3005
3010
3020
3023
3025
3031
3038
3043
3045
3049
3053
3057
3063
3072
3081
3082
3088
3089
3093
3096
3097
3098
3106
3107
3109
3111
3112
3116
3117
3124
3129
3134
3138
3143
3145
3151
3155
3156
3161
3164
3180
3181
3185
3192
3193
3194
3197
3198
3212
3214
3219
3225
3227
3231
3243
3246
3247
3250
3255
3256
3263
3266
3270
3277
3280
3283
3288
3295
3301
3311
3317
3331
3343
3349
3352
3355
3356
3358
3363
3365
3366
3367
3372
3388
3389
3391
3394
3400
3402
3405
3408
3409
3410
3414
3415
3417
3418
3435
3442
3445
3452
3456
3457
3469
3484
3485
3496
3511
3521
3523
3527
3530
3535
3541
3552
3561
3564
3567
3571
3578
3586
3587
3588
3595
3599
3602
3608
3615
3616
3621
3622
3626
3632
3633
3644
3647
3651
3653
3669
3680
3684
3689
3692
3702
3705
3719
3721
3722
3729
3733
3739
3742
3746
3758
3764
3767
3772
3774
3775
3776
3783
3785
3790
3804
3807
3809
3819
3832
3834
3837
3841
3854
3856
3859
3862
3865
3867
3881
3882
3890
3898
3899
3900
3925
3931
3934
3946
3947
3967
3976
3982
3983
3985
3988
3991
3994
4000
4001
4005
4027
4030
4041
4049
4052
4054
4055
4062
4071
4087
4094
4104
4105
4107
4108
4109
4118
4120
4135
4144
4145
4150
4159
4162
4164
4166
4168
4169
4171
4180
4190
4196
4200
4205
4209
4224
4227
4228
4233
4235
4236
4240
4264
4273
4276
4295
4299
4302
4305
4310
4319
4324
4325
4329
4332
4334
4335
4341
4347
4351
4353
4368
4370
4371
4422
4437
4445
4448
4459
4465
4474
4478
4506
4512
4518
4520
4524
4534
4538
4543
4544
4551
4558
4568
4576
4585
4588
4592
4608
4610
4623
4652
4659
4669
4671
4674
4676
4679
4694
4695
4703
4708
4709
4712
4713
4714
4715
4719
4740
4741
4744
4745
4752
4769
4774
4783
4787
4788
4789
4793
4801
4809
4817
4820
4822
4823
4824
4827
4828
4830
4833
4840
4859
4862
4866
4882
4890
4891
4895
4909
4910
4920
4928
4944
4946
4952
4954
4957
4964
4967
4968
4971
4973
4974
4977
4979
4984
4999
5004
5009
5012
5020
5023
5025
5029
5033
5036
5049
5057
5063
5066
5073
5076
5086
5089
5091
5092
5103
5105
5110
5113
5119
5125
5126
5128
5129
5136
5140
5154
5162
5184
5186
5193
5200
5201
5213
5216
5218
5224
5231
5238
5240
5247
5249
5260
5261
5263
5266
5272
5273
5274
5277
5278
5279
5284
5291
5292
5294
5296
5303
5305
5317
5318
5361
5362
5367
5370
5372
5373
5382
5393
5394
5399
5402
5403
5404
5405
5411
5413
5415
5417
5418
5421
5430
5431
5432
5442
5443
5444
5452
5456
5459
5460
5462
5466
5471
5479
5484
5494
5497
5498
5507
5511
5514
5515
5516
5517
5519
5521
5530
5542
5543
5556
5561
5564
5566
5568
5570
5578
5584
5585
5589
5594
5597
5612
5613
5618
5637
5644
5646
5653
5654
5658
5662
5666
5667
5678
5682
5684
5688
5692
5706
5714
5720
5724
5725
5730
5752
5755
5761
5763
5766
5768
5769
5775
5779
5780
5796
5801
5803
5807
5809
5810
5816
5821
5824
5825
5829
5830
5849
5854
5862
5868
5872
5880
5883
5888
5892
5901
5905
5907
5909
5913
5916
5917
5919
5920
5922
5925
5930
5932
5947
5950
5953
5958
5963
5964
5971
5978
5979
5980
5988
5989
5991
5992
5994
6001
6012
6023
6024
6025
6027
6029
6032
6033
6042
6043
6046
6059
6063
6069
6076
6080
6086
6091
6097
6120
6121
6126
6127
6132
6138
6143
6147
6152
6154
6172
6176
6188
6191
6202
6210
6247
6248
6255
6263
6274
6285
6287
6291
6294
6295
6296
6318
6330
6353
6375
6377
6382
6383
6397
6405
6414
6431
6433
6434
6441
6452
6462
6467
6484
6488
6490
6493
6508
6527
6541
6544
6549
6552
6558
6575
6580
6581
6582
6591
6606
6609
6612
6615
6625
6634
6641
6651
6660
6662
6671
6678
6682
6687
6689
6693
6711
6717
6731
6736
6742
6743
6746
6757
6762
6764
6769
6772
6774
6775
6778
6779
6781
6788
6791
6801
6813
6815
6819
6821
6822
6830
6833
6840
6841
6842
6850
6857
6859
6868
6876
6887
6892
6894
6896
6902
6905
6906
6912
6927
6929
6930
6936
6943
6945
6946
6949
6950
6952
6954
6957
6966
6972
6973
6988
6991
6995
7005
7009
7010
7011
7023
7028
7034
7040
7045
7056
7066
7094
7103
7105
7110
7112
7117
7124
7135
7146
7148
7154
7160
7167
7169
7171
7174
7180
7184
7189
7190
7195
7198
7203
7204
7214
7215
7220
7221
7222
7234
7249
7250
7253
7268
7285
7302
7303
7311
7319
7326
7335
7342
7344
7345
7347
7351
7352
7359
7361
7362
7363
7369
7371
7375
7398
7399
7405
7410
7421
7423
7425
7427
7431
7432
7436
7437
7440
7453
7454
7455
7458
7461
7463
7471
7472
7474
7478
7480
7484
7491
7496
7498
7505
7507
7509
7519
7521
7522
7532
7533
7541
7546
7554
7559
7560
7572
7588
7621
7627
7628
7634
7641
7642
7648
7652
7663
7668
7669
7671
7682
7691
7700
7702
7706
7713
7720
7726
7729
7732
7736
7742
7743
7744
7746
7756
7757
7760
7776
7780
7788
7802
7812
7817
7819
7820
7821
7828
7829
7831
7832
7835
7851
7853
7857
7867
7879
7882
7883
7887
7895
7898
7899
7902
7903
7904
7908
7911
7915
7917
7921
7922
7932
7934
7937
7947
7953
7955
7956
7959
7964
7965
7970
7972
7983
7988
7996
8001
8003
8005
8009
8010
8026
8029
8031
8036
8052
8053
8058
8064
8065
8070
8079
8080
8088
8099
8100
8115
8118
8127
8129
8136
8138
8147
8148
8150
8151
8154
8170
8171
8176
8182
8185
8187
8189
8193
8194
8195
8199
8201
8203
8204
8209
8213
8218
8229
8237
8240
8247
8254
8262
8263
8271
8276
8277
8278
8287
8288
8289
8290
8299
8300
8304
8310
8314
8324
8336
8345
8347
8353
8372
8381
8383
8386
8416
8422
8434
8435
8439
8443
8467
8468
8471
8473
8481
8483
8492
8494
8512
8522
8524
8531
8535
8550
8556
8567
8569
8581
8585
8587
8597
8602
8603
8608
8621
8628
8634
8640
8651
8653
8659
8660
8662
8668
8672
8678
8685
8691
8701
8707
8708
8710
8713
8717
8719
8722
8724
8727
8729
8737
8738
8739
8754
8772
8783
8786
8791
8792
8796
8798
8807
8809
8810
8811
8812
8813
8816
8821
8822
8824
8834
8837
8839
8844
8848
8854
8861
8867
8874
8880
8881
8886
8889
8896
8899
8903
8906
8908
8915
8919
8921
8922
8926
8928
8934
8947
8948
8956
8967
8969
8973
8984
8986
8988
9006
9014
9030
9043
9046
9048
9050
9054
9057
9064
9065
9074
9075
9076
9081
9086
9091
9098
9099
9100
9102
9104
9106
9107
9110
9115
9117
9123
9131
9132
9148
9151
9152
9156
9163
9164
9171
9185
9207
9210
9212
9213
9215
9218
9224
9225
9229
9243
9245
9258
9266
9273
9274
9275
9317
9325
9326
9340
9342
9362
9368
9374
9376
9380
9382
9390
9396
9397
9400
9411
9427
9433
9436
9444
9452
9457
9460
9464
9468
9471
9472
9475
9476
9478
9483
9491
9494
9503
9507
9511
9519
9521
9523
9526
9543
9545
9547
9557
9559
9565
9568
9577
9581
9585
9588
9591
9597
9605
9622
9623
9625
9634
9656
9658
9659
9669
9671
9674
9687
9688
9694
9697
9699
9704
9711
9712
9716
9722
9727
9743
9753
9757
9762
9765
9775
9779
9785
9788
9789
9794
9796
9797
9798
9799
9804
9818
9821
9826
9836
9848
9849
9853
9859
9860
9861
9866
9876
9880
9884
9886
9891
9894
9910
9911
9913
9916
9918
9921
9924
9927
9929
9931
9932
9944
9952
9954
9970
9972
9974
9975
9977
9980
9984
9988
9997
10000
10004
10010
10016
10019
10021
10030
10032
10034
10042
10044
10047
10051
10060
10071
10076
10077
10079
10087
10092
10096
10099
10100
10105
10106
10108
10112
10113
10121
10127
10140
10143
10148
10155
10159
10173
10175
10179
10180
10187
10189
10193
10197
10200
10204
10205
10206
10211
10216
10217
10219
10224
10231
10236
10237
10261
10269
10278
10280
10283
10294
10326
10327
10331
10339
10341
10346
10349
10352
10372
10374
10377
10385
10386
10389
10390
10404
10406
10410
10413
10415
10423
10427
10428
10431
10437
10443
10451
10467
10470
10476
10478
10481
10484
10486
10487
10512
10515
10536
10549
10557
10574
10577
10578
10583
10585
10586
10591
10593
10597
10607
10619
10624
10632
10637
10640
10653
10661
10665
10672
10678
10680
10686
10687
10694
10698
10699
10705
10708
10709
10713
10721
10724
10725
10727
10731
10735
10744
10755
10761
10763
10769
10771
10780
10786
10791
10792
10797
10801
10805
10814
10824
10832
10834
10838
10840
10843
10848
10858
10864
10871
10876
10879
10883
10884
10890
10892
10893
10899
10900
10906
10911
10913
10918
10924
10925
10945
10948
10960
10962
10963
10977
10985
10989
11013
11016
11023
11042
11043
11049
11050
11053
11080
11083
11090
11092
11103
11109
11111
11112
11118
11121
11136
11137
11143
11152
11157
11159
11167
11172
11173
11177
11178
11181
11185
11191
11192
11200
11202
11204
11205
11209
11222
11224
11229
11232
11236
11245
11256
11263
11266
11268
11273
11274
11275
11278
11281
11290
11295
11302
11305
11307
11310
11312
11321
11329
11330
11332
11335
11337
11341
11350
11352
11357
11359
11361
11374
11379
11381
11383
11391
11393
11401
11410
11412
11413
11430
11441
11455
11456
11460
11464
11466
11467
11472
11473
11475
11483
11494
11509
11515
11523
11525
11526
11529
11531
11537
11541
11545
11546
11548
11561
11563
11566
11572
11579
11584
11596
11600
11606
11612
11616
11619
11625
11628
11629
11630
11638
11639
11640
11642
11643
11644
11660
11676
11680
11690
11691
11697
11701
11704
11707
11712
11716
11721
11723
11727
11734
11738
11739
11743
11752
11756
11759
11763
11767
11769
11770
11774
11775
11804
11806
11807
11808
11815
11816
11818
11821
11829
11830
11834
11842
11850
11854
11856
11863
11866
11881
11882
11883
11884
11886
11887
11888
11889
11896
11899
11909
11911
11913
11916
11917
11920
11923
11929
11950
11951
11955
11963
11981
11990
11991
11992
11999
12001
12024
12027
12035
12038
12039
12041
12044
12047
12065
12074
12075
12076
12082
12099
12101
12102
12109
12117
12121
12132
12139
12166
12168
12172
12181
12182
12192
12195
12214
12225
12228
12229
12249
12251
12271
12273
12280
12281
12282
12285
12292
12296
12311
12313
12315
12317
12329
12332
12343
12349
12362
12368
12371
12380
12390
12399
12404
12411
12414
12433
12435
12438
12448
12451
12455
12463
12472
12475
12486
12488
12490
12497
12499
12503
12505
12512
12519
12526
12532
12539
12554
12556
12558
12569
12573
12574
12575
12583
12586
12587
12593
12600
12602
12608
12609
12622
12623
12624
12631
12638
12639
12640
12647
12652
12657
12671
12673
12677
12678
12688
12690
12701
12704
12709
12713
12714
12744
12745
12752
12754
12768
12770
12788
12793
12806
12808
12809
12817
12820
12825
12834
12835
12842
12851
12860
12861
12864
12872
12888
12906
12913
12914
12930
12932
12933
12934
12937
12939
12945
12954
12955
12956
12959
12968
12969
12970
12973
12985
12991
12997
13003
13005
13006
13011
13014
13032
13035
13042
13043
13045
13051
13056
13057
13058
13061
13069
13071
13076
13102
13105
13106
13112
13114
13115
13127
13130
13131
13133
13139
13144
13151
13176
13184
13185
13191
13199
13202
13210
13213
13229
13231
13233
13238
13243
13246
13249
13252
13271
13274
13305
13312
13314
13319
13320
13336
13343
13345
13355
13359
13370
13373
13375
13377
13394
13395
13399
13404
13406
13408
13409
13410
13413
13432
13444
13448
13455
13458
13468
13473
13481
13484
13493
13496
13509
13515
13517
13530
13531
13532
13533
13545
13557
13569
13577
13578
13579
13588
13590
13597
13604
13606
13613
13620
13629
13632
13639
13641
13649
13663
13676
13677
13680
13683
13687
13697
13700
13703
13708
13716
13717
13721
13723
13726
13727
13729
13733
13735
13736
13743
13759
13761
13769
13772
13775
13779
13783
13787
13797
13803
13806
13809
13811
13816
13824
13833
13837
13842
13847
13850
13851
13853
13860
13869
13872
13883
13891
13901
13908
13928
13936
13938
13943
13946
13949
13951
13958
13961
13966
13972
13984
13986
13987
13993
13996
13999
14008
14011
14017
14037
14042
14045
14052
14053
14054
14064
14067
14071
14087
14090
14092
14098
14102
14104
14108
14113
14115
14117
14118
14122
14123
14127
14131
14134
14137
14145
14150
14152
14154
14156
14164
14165
14174
14177
14180
14181
14187
14189
14191
14193
14194
14196
14200
14206
14208
14213
14216
14219
14228
14230
14232
14236
14239
14244
14253
14256
14265
14282
14283
14288
14302
14314
14315
14324
14327
14332
14336
14338
14347
14364
14373
14377
14379
14396
14410
14420
14421
14439
14455
14462
14463
14477
14480
14482
14488
14490
14496
14502
14532
14537
14548
14558
14559
14580
14581
14585
14586
14591
14593
14598
14615
14618
14634
14641
14644
14647
14650
14651
14662
14665
14675
14680
14683
14685
14691
14694
14696
14701
14702
14711
14715
14720
14724
14729
14738
14741
14744
14749
14750
14751
14756
14762
14767
14769
14770
14778
14780
14789
14793
14796
14797
14798
14813
14819
14836
14840
14841
14845
14855
14859
14860
14861
14867
14870
14871
14874
14876
14877
14881
14892
14893
14898
14900
14914
14915
14917
14938
14941
14943
14946
14947
14957
14967
14972
14990
14992
14993
15001
15007
15010
15017
15020
15026
15028
15031
15036
15043
15045
15051
15053
15057
15058
15063
15070
15073
15076
15088
15089
15090
15092
15128
15133
15136
15146
15162
15174
15176
15179
15183
15185
15186
15195
15201
15204
15205
15206
15208
15211
15213
15218
15224
15234
15237
15243
15245
15247
15256
15258
15259
15260
15270
15274
15280
15287
15293
15294
15303
15305
15310
15314
15320
15325
15336
15342
15353
15355
15367
15370
15371
15374
15378
15380
15389
15390
15391
15392
15394
15404
15411
15415
15426
15428
15432
15436
15439
15445
15447
15463
15465
15468
15470
15476
15480
15486
15491
15496
15498
15499
15500
15502
15506
15510
15521
15526
15531
15534
15550
15551
15569
15570
15572
15574
15575
15582
15583
15588
15589
15592
15594
15596
15600
15604
15607
15611
15615
15617
15618
15626
15629
15631
15636
15637
15638
15642
15647
15670
15679
15684
15692
15694
15697
15701
15706
15711
15712
15715
15719
15723
15724
15731
15733
15736
15737
15738
15740
15752
15766
15768
15770
15772
15778
15784
15786
15793
15801
15808
15823
15825
15839
15848
15859
15873
15887
15891
15895
15899
15902
15909
15911
15923
15928
15937
15938
15940
15945
15947
15948
15949
15950
15955
15962
15965
15976
15978
15992
16000
16002
16004
16006
16008
16021
16025
16028
16036
16038
16043
16046
16047
16051
16068
16070
16075
16081
16099
16103
16104
16108
16110
16122
16133
16150
16153
16155
16156
16159
16161
16162
16169
16180
16185
16189
16190
16208
16209
16219
16227
16237
16243
16246
16248
16254
16255
16256
16264
16274
16275
16282
16288
16291
16293
16296
16297
16309
16316
16321
16322
16327
16328
16340
16342
16347
16361
16364
16375
16379
16388
16389
16390
16403
16413
16420
16421
16422
16433
16438
16441
16443
16445
16456
16463
16474
16481
16486
16487
16491
16500
16502
16507
16513
16516
16523
16525
16529
16539
16553
16556
16562
16563
16573
16574
16587
16597
16599
16604
16606
16614
16617
16618
16625
16628
16629
16639
16644
16650
16664
16674
16680
16687
16689
16692
16693
16697
16700
16715
16722
16726
16727
16730
16737
16741
16749
16756
16759
16768
16786
16795
16796
16801
16805
16810
16813
16815
16831
16832
16833
16835
16838
16842
16844
16849
16850
16857
16859
16861
16862
16878
16889
16893
16917
16948
16960
16967
16979
16985
16988
16991
16997
16998
17000
17016
17018
17020
17023
17027
17028
17030
17033
17040
17041
17049
17050
17055
17063
17066
17099
17110
17112
17114
17129
17134
17135
17145
17148
17151
17159
17165
17166
17169
17170
17178
17180
17187
17191
17193
17198
17204
17205
17211
17219
17224
17234
17243
17253
17255
17257
17271
17282
17286
17297
17299
17308
17312
17316
17317
17324
17325
17326
17330
17331
17333
17336
17338
17376
17377
17381
17383
17388
17390
17401
17403
17405
17410
17412
17416
17418
17420
17434
17437
17451
17452
17455
17456
17457
17467
17470
17473
17477
17498
17505
17520
17528
17539
17559
17563
17564
17566
17567
17568
17570
17574
17576
17578
17579
17584
17590
17597
17599
17602
17604
17612
17616
17620
17623
17625
17635
17642
17653
17654
17662
17673
17681
17683
17684
17702
17711
17723
17724
17742
17751
17754
17758
17764
17765
17766
17768
17769
17772
17773
17786
17804
17811
17812
17817
17823
17824
17838
17844
17845
17846
17849
17851
17857
17858
17872
17873
17884
17890
17891
17892
17898
17900
17903
17910
17924
17925
17928
17929
17931
17940
17945
17956
17961
17977
17979
17983
17984
17986
17990
17991
17999
18007
18012
18015
18021
18022
18024
18034
18035
18036
18047
18048
18051
18052
18062
18063
18066
18073
18078
18107
18109
18123
18125
18128
18130
18138
18140
18141
18145
18146
18153
18155
18158
18162
18165
18166
18169
18196
18206
18207
18209
18213
18214
18246
18247
18250
18252
18253
18266
18274
18280
18286
18287
18288
18289
18305
18319
18320
18332
18333
18340
18341
18362
18363
18367
18378
18385
18388
18389
18394
18396
18398
18399
18404
18411
18413
18420
18423
18425
18426
18427
18431
18433
18435
18437
18439
18441
18444
18456
18462
18485
18489
18495
18500
18520
18522
18524
18527
18534
18537
18538
18539
18540
18544
18548
18552
18556
18566
18584
18585
18586
18599
18601
18602
18603
18608
18611
18622
18629
18637
18640
18644
18652
18653
18656
18667
18689
18712
18719
18724
18730
18738
18741
18744
18748
18750
18760
18769
18777
18789
18793
18794
18795
18798
18804
18805
18806
18808
18814
18820
18822
18832
18835
18840
18841
18844
18848
18851
18859
18869
18870
18871
18872
18894
18895
18901
18904
18924
18925
18939
18949
18953
18971
18972
18973
18982
18985
18987
18991
18998
19001
19007
19013
19016
19019
19033
19034
19049
19057
19070
19072
19079
19080
19090
19092
19098
19100
19108
19117
19122
19132
19133
19136
19143
19151
19152
19155
19162
19169
19170
19175
19186
19187
19203
19204
19207
19208
19214
19215
19220
19221
19228
19230
19238
19251
19255
19256
19260
19285
19286
19287
19293
19299
19306
19309
19315
19335
19345
19351
19363
19379
19384
19385
19386
19396
19400
19410
19415
19418
19423
19425
19429
19443
19444
19450
19451
19452
19461
19462
19465
19477
19483
19487
19501
19507
19513
19516
19521
19523
19526
19530
19541
19548
19557
19559
19564
19572
19575
19577
19587
19589
19594
19606
19611
19613
19624
19630
19633
19637
19639
19647
19648
19654
19664
19673
19675
19680
19684
19686
19687
19692
19698
19700
19703
19704
19707
19716
19724
19727
19728
19733
19735
19736
19738
19739
19741
19752
19764
19775
19779
19781
19786
19787
19792
19796
19799
19802
19806
19807
19810
19812
19813
19814
19823
19826
19831
19833
19835
19836
19840
19841
19844
19849
19852
19855
19857
19858
19884
19887
19888
19893
19898
19903
19911
19922
19923
19927
19929
19950
19952
19956
19958
19962
19973
19983
19991
20018
20022
20024
20027
20031
20036
20039
20047
20052
20056
20057
20058
20061
20062
20066
20077
20095
20097
20098
20117
20118
20120
20125
20126
20132
20139
20143
20146
20155
20159
20165
20170
20178
20189
20200
20203
20204
20215
20231
20235
20241
20245
20249
20250
20251
20274
20287
20291
20292
20297
20300
20302
20303
20314
20321
20322
20323
20325
20332
20343
20344
20347
20349
20352
20355
20356
20363
20370
20373
20375
20377
20395
20402
20404
20431
20433
20434
20441
20447
20451
20454
20455
20459
20461
20464
20473
20482
20487
20488
20490
20492
20511
20514
20527
20528
20532
20535
20537
20538
20540
20549
20552
20553
20554
20563
20567
20568
20578
20587
20588
20589
20607
20615
20616
20619
20621
20631
20632
20657
20661
20662
20670
20685
20686
20699
20701
20707
20709
20725
20734
20751
20756
20761
20777
20780
20782
20783
20788
20801
20806
20808
20811
20821
20840
20844
20858
20865
20872
20875
20884
20885
20897
20900
20907
20928
20955
20965
20966
20978
20981
20982
20988
20994
20997
21001
21003
21010
21012
21013
21014
21023
21028
21033
21036
21038
21041
21052
21060
21061
21062
21063
21064
21068
21069
21073
21079
21081
21086
21088
21093
21099
21101
21103
21105
21123
21124
21125
21128
21131
21137
21143
21149
21157
21167
21173
21176
21184
21188
21192
21195
21204
21207
21210
21211
21216
21218
21220
21221
21223
21227
21231
21234
21250
21251
21260
21263
21266
21267
21272
21278
21280
21285
21290
21297
21300
21306
21307
21310
21314
21320
21322
21331
21332
21343
21346
21350
21367
21375
21376
21379
21380
21388
21389
21391
21392
21404
21413
21414
21424
21435
21436
21448
21470
21473
21474
21484
21491
21500
21501
21504
21515
21516
21518
21519
21532
21540
21553
21554
21560
21591
21593
21595
21601
21604
21613
21617
21619
21623
21636
21641
21646
21654
21659
21660
21670
21678
21682
21694
21704
21706
21709
21718
21740
21745
21748
21753
21763
21770
21775
21778
21781
21782
21784
21793
21800
21801
21803
21806
21808
21813
21815
21817
21824
21831
21834
21839
21845
21851
21856
21866
21876
21877
21886
21888
21895
21925
21931
21935
21945
21955
21957
21959
21962
21963
21967
21972
21984
21991
21992
21999
22010
22012
22015
22018
22019
22021
22028
22036
22037
22038
22040
22045
22055
22064
22065
22074
22089
22103
22109
22118
22123
22125
22131
22144
22145
22165
22180
22186
22190
22194
22197
22198
22200
22215
22219
22244
22250
22251
22252
22255
22257
22267
22278
22281
22287
22289
22290
22291
22302
22309
22311
22329
22341
22347
22349
22366
22387
22399
22400
22403
22413
22420
22422
22426
22431
22469
22471
22476
22484
22489
22490
22517
22521
22525
22528
22532
22546
22547
22573
22585
22586
22592
22597
22599
22602
22605
22628
22651
22658
22659
22661
22663
22668
22671
22681
22683
22690
22701
22702
22712
22726
22731
22734
22741
22746
22759
22760
22761
22763
22765
22771
22783
22790
22791
22792
22797
22803
22819
22820
22826
22830
22833
22837
22847
22848
22854
22860
22864
22869
22872
22875
22878
22879
22890
22892
22897
22920
22922
22927
22936
22941
22945
22951
22953
22956
22963
22965
22970
22993
23001
23003
23005
23010
23013
23016
23020
23029
23043
23046
23050
23057
23058
23060
23073
23074
23081
23088
23090
23097
23109
23111
23129
23134
23139
23141
23151
23156
23159
23168
23171
23185
23197
23202
23203
23206
23209
23220
23225
23233
23239
23241
23246
23262
23270
23279
23286
23297
23299
23303
23306
23307
23309
23311
23349
23359
23365
23368
23374
23381
23384
23395
23397
23401
23403
23404
23407
23411
23420
23423
23437
23455
23457
23459
23465
23477
23492
23506
23521
23522
23530
23543
23551
23553
23562
23564
23565
23568
23571
23583
23584
23592
23598
23599
23603
23604
23609
23610
23614
23615
23618
23623
23628
23629
23638
23643
23645
23648
23650
23653
23666
23667
23669
23670
23675
23677
23684
23691
23696
23698
23711
23719
23721
23727
23740
23741
23744
23746
23748
23749
23754
23756
23763
23773
23783
23785
23786
23793
23797
23798
23800
23818
23819
23836
23837
23848
23850
23855
23856
23859
23874
23875
23886
23888
23893
23896
23900
23905
23913
23914
23917
23926
23931
23932
23934
23935
23944
23950
23965
23979
23981
23982
23991
23993
24000
24001
24006
24009
24012
24020
24021
24023
24033
24038
24049
24055
24056
24058
24083
24087
24100
24109
24113
24117
24122
24124
24128
24130
24141
24151
24159
24165
24167
24180
24181
24186
24190
24196
24197
24214
24217
24222
24227
24250
24260
24268
24269
24274
24279
24311
24313
24320
24336
24340
24348
24352
24354
24365
24367
24368
24375
24390
24406
24408
24412
24415
24420
24421
24422
24429
24431
24435
24437
24439
24443
24448
24454
24476
24479
24482
24487
24489
24491
24495
24514
24517
24521
24530
24536
24541
24542
24553
24559
24562
24565
24566
24567
24571
24572
24588
24590
24599
24601
24621
24623
24624
24636
24637
24640
24641
24647
24663
24665
24676
24681
24684
24689
24692
24702
24707
24712
24725
24730
24737
24738
24740
24744
24759
24763
24772
24778
24779
24781
24782
24794
24800
24806
24816
24819
24824
24827
24830
24833
24837
24838
24845
24849
24854
24858
24860
24861
24862
24863
24878
24879
24885
24894
24898
24901
24904
24906
24910
24916
24922
24924
24925
24928
24929
24933
24953
24957
24970
24971
24973
24986
24992
24997
25008
25010
25011
25012
25027
25033
25039
25040
25045
25056
25058
25066
25068
25073
25082
25083
25087
25096
25097
25098
25100
25103
25116
25118
25122
25123
25128
25141
25142
25143
25144
25155
25159
25167
25171
25177
25182
25185
25187
25202
25203
25215
25219
25225
25229
25230
25234
25238
25245
25250
25254
25256
25259
25264
25271
25273
25280
25289
25290
25299
25306
25318
25327
25328
25333
25344
25350
25352
25353
25368
25378
25381
25382
25383
25385
25387
25393
25396
25397
25400
25405
25408
25412
25419
25421
25422
25426
25433
25434
25435
25440
25450
25454
25461
25470
25472
25474
25477
25480
25491
25493
25497
25499
25505
25507
25519
25538
25544
25552
25553
25565
25567
25569
25572
25573
25587
25595
25614
25618
25620
25621
25622
25642
25644
25649
25654
25655
25660
25663
25664
25666
25668
25686
25692
25703
25705
25706
25712
25715
25717
25719
25720
25728
25734
25735
25737
25738
25744
25746
25747
25754
25762
25766
25786
25792
25801
25802
25803
25804
25811
25814
25815
25823
25831
25840
25862
25869
25870
25873
25876
25877
25881
25885
25889
25893
25898
25899
25912
25915
25928
25929
25931
25935
25937
25938
25947
25954
25957
25965
25972
25974
25986
25989
25997
25998
26010
26016
26019
26025
26027
26037
26038
26041
26045
26053
26058
26063
26075
26087
26089
26092
26094
26098
26102
26106
26108
26117
26120
26130
26135
26140
26149
26153
26154
26159
26160
26171
26177
26187
26189
26198
26200
26207
26209
26211
26213
26229
26238
26239
26240
26244
26248
26260
26261
26263
26269
26276
26277
26289
26294
26295
26304
26307
26317
26320
26326
26329
26332
26334
26345
26346
26349
26350
26355
26357
26359
26376
26377
26382
26390
26399
26402
26404
26413
26435
26441
26449
26450
26472
26495
26506
26511
26513
26516
26528
26529
26531
26533
26539
26551
26554
26555
26563
26575
26578
26579
26588
26596
26598
26602
26611
26624
26633
26644
26647
26656
26663
26664
26666
26668
26676
26684
26685
26689
26690
26693
26699
26700
26718
26743
26750
26751
26752
26755
26757
26771
26777
26786
26793
26794
26802
26805
26808
26816
26822
26823
26828
26836
26838
26846
26849
26855
26858
26862
26863
26881
26883
26889
26904
26911
26914
26916
26919
26920
26928
26930
26931
26932
26935
26939
26950
26952
26964
26971
26974
26977
26979
26982
26985
26992
26999
27002
27008
27013
27014
27020
27022
27029
27033
27034
27048
27059
27062
27067
27069
27080
27081
27082
27105
27108
27129
27135
27136
27137
27139
27140
27149
27154
27157
27160
27163
27166
27167
27168
27184
27189
27190
27192
27195
27199
27203
27205
27224
27225
27234
27237
27242
27243
27256
27259
27269
27274
27276
27288
27289
27296
27299
27301
27307
27311
27313
27315
27318
27323
27324
27327
27343
27345
27346
27347
27352
27353
27360
27368
27369
27371
27376
27379
27381
27388
27390
27401
27402
27408
27420
27427
27439
27448
27457
27461
27469
27473
27474
27475
27486
27490
27492
27500
27505
27509
27513
27514
27524
27539
27541
27544
27550
27574
27584
27589
27590
27591
27603
27604
27625
27626
27628
27632
27635
27636
27638
27641
27647
27650
27655
27660
27669
27670
27688
27691
27694
27695
27700
27706
27717
27726
27727
27730
27736
27749
27753
27760
27771
27794
27800
27806
27808
27817
27827
27835
27836
27839
27843
27852
27857
27859
27863
27867
27878
27879
27881
27894
27899
27903
27906
27931
27932
27939
27944
27950
27951
27956
27962
27973
27974
27984
27990
27995
28004
28029
28038
28039
28044
28046
28051
28058
28059
28066
28067
28075
28076
28080
28081
28091
28097
28100
28102
28113
28116
28120
28132
28144
28146
28151
28152
28157
28158
28162
28170
28171
28173
28180
28183
28184
28206
28207
28222
28225
28228
28233
28237
28238
28239
28244
28247
28251
28255
28257
28260
28284
28298
28299
28321
28322
28328
28336
28337
28345
28353
28363
28364
28373
28377
28378
28392
28404
28405
28407
28409
28410
28411
28415
28418
28435
28449
28459
28460
28475
28478
28514
28516
28518
28522
28523
28526
28529
28536
28544
28546
28558
28563
28581
28586
28588
28589
28594
28617
28619
28620
28627
28632
28637
28642
28643
28648
28652
28660
28661
28662
28672
28687
28696
28697
28701
28703
28707
28708
28710
28716
28717
28723
28724
28727
28737
28739
28741
28743
28764
28767
28768
28772
28789
28790
28791
28808
28809
28824
28826
28829
28837
28838
28841
28845
28849
28855
28865
28868
28869
28874
28881
28888
28891
28894
28897
28898
28900
28907
28917
28921
28925
28927
28941
28943
28944
28945
28948
28964
28971
28974
28977
28978
28983
28985
28986
28989
28993
29011
29023
29034
29048
29056
29058
29069
29070
29078
29089
29090
29091
29099
29112
29114
29116
29119
29121
29122
29126
29131
29135
29136
29137
29138
29145
29147
29150
29152
29155
29156
29159
29166
29168
29172
29174
29176
29177
29178
29184
29186
29190
29191
29194
29195
29199
29204
29205
29211
29218
29220
29235
29241
29242
29246
29250
29251
29252
29262
29268
29272
29274
29277
29282
29284
29286
29291
29295
29303
29304
29308
29312
29318
29343
29350
29352
29357
29362
29366
29368
29397
29414
29415
29420
29438
29446
29448
29449
29452
29454
29455
29459
29468
29471
29473
29489
29500
29511
29517
29519
29521
29527
29528
29538
29541
29563
29569
29570
29571
29575
29585
29595
29596
29597
29598
29599
29600
29615
29617
29619
29620
29632
29645
29651
29660
29663
29668
29669
29678
29679
29681
29686
29698
29701
29712
29714
29719
29725
29726
29727
29736
29747
29751
29756
29758
29760
29765
29768
29769
29775
29783
29784
29794
29806
29808
29818
29819
29829
29843
29845
29852
29862
29868
29869
29871
29873
29877
29880
29882
29885
29887
29891
29892
29894
29895
29907
29909
29920
29921
29950
29955
29963
29964
29966
29985
29991
29992
30002
30008
30014
30030
30032
30035
30039
30044
30047
30052
30053
30057
30060
30066
30067
30089
30091
30092
30093
30097
30103
30104
30112
30115
30117
30120
30121
30122
30126
30127
30141
30146
30147
30160
30169
30172
30174
30183
30196
30198
30212
30213
30215
30227
30229
30231
30234
30235
30248
30261
30277
30289
30313
30326
30344
30345
30348
30353
30367
30373
30379
30382
30398
30403
30404
30408
30423
30424
30433
30439
30441
30454
30480
30481
30492
30507
30516
30518
30521
30537
30542
30544
30545
30548
30559
30562
30564
30571
30580
30581
30594
30602
30604
30607
30627
30631
30634
30635
30638
30643
30645
30648
30651
30652
30657
30658
30661
30663
30665
30667
30674
30678
30680
30682
30685
30686
30688
30697
30698
30703
30722
30730
30737
30739
30741
30747
30753
30756
30759
30760
30761
30776
30778
30779
30780
30783
30785
30791
30801
30802
30804
30809
30818
30821
30829
30835
30836
30850
30856
30862
30871
30872
30874
30878
30884
30891
30895
30896
30909
30911
30920
30928
30930
30938
30941
30942
30947
30949
30952
30959
30961
30964
30965
30974
30979
30987
30988
30994
31001
31005
31018
31022
31023
31032
31039
31041
31045
31054
31056
31069
31071
31074
31080
31089
31090
31097
31098
31114
31115
31123
31124
31127
31129
31136
31141
31153
31158
31160
31166
31179
31184
31185
31186
31194
31198
31204
31207
31209
31213
31237
31259
31269
31281
31291
31296
31298
31303
31313
31323
31332
31340
31344
31348
31352
31360
31363
31367
31382
31383
31389
31396
31403
31411
31415
31421
31437
31452
31458
31463
31464
31467
31472
31473
31475
31484
31485
31492
31497
31519
31525
31528
31533
31536
31539
31540
31544
31550
31554
31561
31566
31568
31570
31573
31574
31580
31583
31584
31594
31595
31596
31599
31624
31626
31632
31634
31643
31658
31659
31667
31668
31671
31678
31679
31682
31684
31685
31686
31703
31704
31715
31724
31731
31740
31755
31773
31774
31781
31782
31798
31804
31807
31819
31820
31838
31839
31846
31855
31856
31858
31869
31878
31882
31893
31894
31902
31904
31912
31916
31918
31920
31926
31935
31937
31939
31945
31960
31963
31964
31974
31980
31982
31988
31993
31997
32004
32013
32017
32026
32033
32036
32041
32051
32058
32064
32072
32074
32082
32092
32093
32106
32108
32113
32120
32130
32135
32140
32143
32147
32157
32162
32169
32171
32174
32175
32177
32178
32184
32188
32199
32207
32215
32222
32223
32226
32230
32234
32236
32244
32252
32256
32260
32268
32272
32277
32278
32279
32283
32287
32288
32295
32302
32304
32314
32323
32334
32343
32346
32348
32349
32352
32354
32360
32364
32367
32371
32377
32386
32392
32393
32412
32420
32426
32427
32428
32433
32439
32444
32446
32447
32453
32457
32458
32467
32474
32475
32487
32496
32499
32505
32507
32511
32517
32523
32526
32527
32530
32532
32534
32551
32558
32559
32560
32564
32576
32577
32582
32584
32585
32587
32605
32607
32619
32628
32629
32630
32640
32641
32646
32649
32652
32654
32662
32666
32667
32670
32675
32684
32691
32700
32712
32719
32720
32722
32726
32729
32752
32756
32761
32774
32779
32787
32794
32803
32804
32808
32813
32815
32823
32834
32845
32847
32850
32858
32859
32867
32899
32901
32905
32918
32920
32921
32923
32936
32939
32943
32945
32947
32952
32961
32964
32969
32971
32974
32982
32984
32989
32994
32998
32999
33003
33012
33013
33021
33031
33036
33039
33040
33041
33044
33059
33067
33082
33085
33090
33093
33108
33110
33119
33126
33129
33132
33136
33137
33141
33145
33147
33150
33151
33158
33167
33169
33170
33176
33178
33180
33182
33190
33198
33204
33211
33217
33236
33238
33245
33247
33255
33258
33259
33265
33266
33267
33270
33271
33274
33284
33291
33293
33299
33301
33303
33307
33313
33317
33318
33328
33350
33352
33357
33368
33369
33370
33373
33375
33377
33394
33398
33402
33403
33424
33427
33429
33431
33436
33437
33441
33452
33454
33456
33470
33473
33474
33481
33486
33493
33497
33500
33503
33511
33514
33524
33542
33543
33568
33573
33587
33588
33593
33594
33619
33626
33639
33643
33644
33664
33675
33680
33683
33691
33697
33703
33707
33717
33722
33737
33742
33743
33754
33755
33756
33770
33780
33789
33803
33808
33809
33811
33812
33815
33818
33819
33820
33827
33828
33831
33845
33849
33852
33856
33858
33859
33876
33878
33881
33890
33892
33896
33897
33901
33902
33906
33915
33923
33925
33926
33928
33933
33947
33952
33957
33958
33963
33966
33967
33970
33976
33986
33988
33994
33997
33998
34002
34017
34022
34028
34041
34052
34057
34060
34061
34079
34087
34102
34103
34104
34105
34107
34118
34133
34139
34145
34154
34168
34173
34182
34186
34192
34197
34207
34209
34219
34223
34240
34250
34251
34258
34259
34262
34263
34268
34270
34273
34281
34289
34295
34297
34298
34320
34326
34337
34362
34367
34370
34377
34386
34393
34401
34415
34428
34456
34463
34479
34486
34491
34492
34496
34500
34504
34510
34514
34517
34522
34523
34538
34555
34575
34577
34583
34585
34594
34603
34604
34613
34618
34631
34634
34635
34637
34649
34653
34656
34657
34680
34699
34701
34723
34724
34732
34736
34741
34749
34751
34752
34754
34757
34765
34766
34772
34778
34779
34784
34786
34791
34797
34818
34837
34841
34842
34850
34853
34854
34859
34860
34867
34881
34887
34889
34911
34912
34933
34934
34936
34949
34961
34966
34972
34973
34975
34979
34983
34993
34995
34996
35004
35007
35014
35016
35020
35021
35023
35024
35043
35052
35064
35069
35070
35081
35082
35085
35086
35087
35095
35105
35106
35113
35115
35123
35127
35128
35149
35151
35168
35176
35177
35184
35199
35205
35211
35212
35247
35251
35263
35267
35273
35277
35289
35291
35300
35301
35308
35316
35324
35325
35330
35334
35339
35355
35360
35361
35363
35367
35376
35379
35380
35389
35391
35392
35397
35400
35408
35410
35412
35417
35419
35423
35433
35436
35438
35441
35447
35450
35452
35453
35454
35458
35477
35479
35482
35485
35488
35495
35496
35498
35500
35503
35506
35507
35520
35522
35529
35530
35535
35536
35538
35554
35557
35559
35560
35574
35578
35579
35581
35592
35593
35615
35624
35625
35628
35630
35636
35638
35648
35649
35657
35671
35678
35682
35683
35684
35700
35717
35725
35729
35734
35737
35746
35755
35756
35757
35761
35772
35774
35782
35785
35792
35796
35804
35805
35808
35815
35817
35819
35820
35823
35833
35835
35836
35837
35847
35848
35849
35851
35859
35873
35885
35886
35890
35894
35901
35910
35914
35917
35922
35930
35937
35939
35945
35946
35949
35952
35955
35969
35971
35976
35981
35994
35996
35997
35998
35999
36000
36007
36010
36013
36014
36015
36019
36033
36042
36046
36050
36057
36061
36073
36090
36091
36101
36120
36122
36125
36128
36147
36148
36160
36161
36167
36175
36177
36187
36197
36202
36203
36208
36218
36222
36227
36234
36256
36277
36285
36288
36293
36294
36309
36314
36323
36325
36326
36329
36331
36338
36340
36342
36348
36359
36361
36367
36374
36380
36389
36390
36391
36397
36403
36422
36424
36429
36435
36444
36455
36456
36466
36469
36472
36478
36480
36487
36488
36489
36497
36503
36510
36513
36517
36519
36527
36528
36533
36536
36542
36544
36552
36553
36556
36557
36558
36559
36576
36581
36589
36596
36597
36620
36621
36625
36628
36630
36631
36638
36645
36655
36665
36667
36681
36696
36701
36702
36716
36718
36721
36727
36729
36730
36751
36752
36753
36754
36759
36761
36764
36765
36766
36773
36781
36796
36803
36838
36850
36859
36865
36878
36902
36905
36906
36914
36916
36919
36921
36927
36928
36932
36933
36952
36964
36977
36983
36985
36998
37001
37010
37014
37035
37037
37045
37047
37051
37054
37070
37081
37082
37084
37087
37088
37093
37106
37115
37117
37118
37123
37124
37139
37142
37144
37147
37156
37167
37168
37171
37183
37194
37195
37196
37202
37203
37204
37207
37213
37214
37218
37229
37237
37251
37253
37258
37271
37275
37278
37281
37284
37287
37297
37301
37302
37306
37322
37336
37370
37371
37377
37378
37380
37386
37393
37394
37400
37403
37412
37414
37424
37430
37432
37450
37458
37465
37475
37477
37481
37490
37497
37500
37509
37515
37516
37525
37528
37535
37536
37557
37558
37563
37571
37574
37584
37593
37594
37597
37598
37600
37601
37605
37606
37607
37618
37621
37624
37628
37630
37636
37637
37639
37643
37644
37645
37650
37657
37659
37661
37663
37672
37683
37712
37713
37714
37716
37719
37720
37724
37731
37734
37737
37741
37743
37744
37749
37753
37774
37775
37780
37785
37800
37812
37819
37821
37837
37846
37853
37855
37856
37860
37862
37868
37873
37881
37882
37888
37899
37907
37914
37919
37920
37927
37935
37938
37948
37949
37950
37959
37979
37980
37997
38012
38016
38021
38023
38028
38029
38030
38033
38051
38066
38067
38070
38071
38074
38084
38086
38093
38098
38102
38110
38111
38114
38121
38123
38128
38136
38139
38142
38152
38155
38162
38164
38165
38179
38183
38185
38195
38201
38202
38206
38212
38216
38223
38225
38229
38236
38251
38253
38263
38264
38268
38274
38276
38299
38301
38322
38323
38330
38331
38333
38337
38341
38345
38350
38352
38353
38364
38370
38378
38394
38396
38398
38414
38425
38429
38430
38431
38438
38454
38456
38458
38460
38466
38467
38475
38480
38492
38496
38507
38515
38528
38531
38537
38546
38556
38558
38559
38565
38566
38567
38572
38574
38580
38587
38590
38602
38609
38613
38619
38627
38642
38649
38658
38674
38680
38687
38689
38712
38714
38718
38723
38726
38742
38744
38748
38749
38773
38783
38795
38797
38804
38818
38820
38823
38824
38826
38829
38830
38835
38838
38846
38855
38866
38871
38875
38876
38885
38900
38903
38905
38906
38920
38929
38936
38946
38951
38962
38976
38983
38985
38991
38999
39007
39020
39028
39029
39031
39032
39054
39069
39075
39080
39082
39095
39099
39111
39118
39129
39130
39152
39154
39156
39169
39175
39190
39194
39214
39215
39236
39240
39242
39248
39249
39252
39259
39263
39271
39276
39287
39288
39289
39291
39294
39313
39314
39322
39323
39327
39345
39346
39371
39374
39377
39379
39383
39388
39391
39406
39421
39442
39446
39450
39456
39459
39464
39468
39477
39488
39492
39503
39504
39522
39539
39540
39547
39554
39558
39560
39565
39570
39575
39579
39582
39584
39585
39590
39602
39605
39609
39619
39643
39645
39660
39661
39668
39673
39676
39698
39700
39705
39711
39730
39731
39740
39749
39756
39761
39766
39777
39789
39794
39795
39805
39818
39820
39825
39837
39840
39842
39844
39849
39855
39857
39859
39869
39880
39883
39906
39908
39909
39916
39917
39929
39931
39932
39944
39954
39960
39966
39968
39979
39985
39993
39997
40011
40017
40021
40022
40026
40029
40035
40043
40045
40061
40070
40076
40080
40086
40089
40092
40101
40110
40128
40131
40139
40140
40143
40146
40151
40163
40169
40174
40176
40178
40182
40184
40185
40186
40198
40200
40202
40205
40206
40208
40209
40212
40213
40221
40226
40235
40237
40242
40247
40255
40260
40268
40290
40291
40292
40295
40300
40307
40313
40317
40320
40325
40333
40334
40335
40350
40351
40359
40369
40375
40381
40387
40389
40390
40395
40397
40401
40418
40425
40429
40436
40447
40453
40464
40465
40468
40473
40475
40477
40478
40483
40503
40508
40514
40515
40523
40534
40536
40537
40539
40552
40558
40559
40566
40567
40579
40588
40593
40598
40599
40600
40611
40616
40627
40628
40633
40642
40652
40658
40662
40673
40685
40687
40689
40707
40715
40717
40722
40725
40730
40732
40733
40753
40758
40761
40769
40776
40777
40779
40784
40786
40789
40795
40797
40813
40814
40819
40823
40833
40848
40861
40868
40872
40885
40888
40891
40904
40907
40913
40915
40924
40925
40934
40940
40941
40943
40947
40956
40957
40963
40972
40978
40979
40980
40988
40989
40990
40993
40998
41021
41033
41035
41036
41047
41049
41050
41051
41062
41063
41075
41076
41078
41082
41101
41108
41109
41110
41113
41114
41115
41129
41133
41140
41145
41150
41160
41163
41170
41178
41179
41181
41184
41185
41186
41190
41195
41203
41205
41207
41208
41219
41228
41237
41249
41258
41272
41273
41278
41280
41288
41294
41297
41317
41318
41323
41330
41332
41333
41337
41340
41347
41358
41360
41361
41376
41381
41403
41410
41411
41421
41425
41435
41437
41441
41442
41443
41445
41458
41467
41481
41487
41493
41510
41512
41526
41532
41533
41535
41541
41545
41549
41554
41558
41567
41570
41572
41578
41584
41595
41610
41613
41616
41623
41628
41630
41638
41643
41647
41649
41651
41660
41661
41663
41665
41666
41672
41690
41695
41696
41699
41700
41704
41710
41711
41713
41714
41715
41716
41717
41718
41725
41726
41729
41734
41737
41747
41748
41750
41778
41782
41786
41791
41801
41803
41817
41822
41823
41837
41846
41877
41883
41891
41895
41901
41906
41914
41925
41929
41939
41941
41947
41952
41953
41954
41958
41961
41963
41973
41974
41983
41992
41993
42008
42019
42020
42022
42023
42026
42034
42036
42046
42054
42055
42060
42063
42065
42071
42075
42077
42090
42096
42100
42101
42111
42112
42119
42123
42149
42155
42156
42161
42171
42172
42180
42188
42189
42193
42200
42203
42216
42220
42224
42237
42242
42243
42250
42252
42256
42259
42268
42269
42270
42276
42287
42288
42291
42293
42299
42303
42305
42311
42316
42329
42334
42336
42360
42371
42372
42375
42388
42390
42404
42405
42409
42412
42413
42414
42417
42424
42436
42438
42465
42485
42499
42508
42511
42512
42516
42517
42525
42530
42532
42537
42538
42563
42564
42569
42571
42581
42582
42583
42586
42589
42606
42607
42620
42623
42624
42625
42626
42627
42629
42663
42664
42670
42672
42673
42677
42679
42685
42691
42692
42705
42709
42723
42727
42729
42732
42744
42747
42751
42754
42766
42774
42784
42787
42795
42797
42803
42810
42814
42835
42838
42841
42851
42855
42858
42863
42864
42865
42884
42885
42888
42891
42900
42902
42904
42914
42915
42926
42936
42937
42941
42943
42944
42947
42953
42958
42960
42961
42964
42966
42986
42990
43005
43017
43022
43030
43032
43033
43037
43041
43044
43046
43054
43061
43063
43070
43072
43087
43090
43096
43106
43107
43109
43110
43117
43122
43127
43128
43144
43156
43159
43163
43165
43166
43173
43176
43183
43184
43186
43187
43188
43195
43198
43211
43218
43226
43228
43231
43243
43247
43248
43252
43259
43263
43265
43267
43280
43281
43282
43283
43293
43294
43297
43301
43305
43310
43311
43315
43317
43322
43323
43339
43342
43344
43345
43348
43349
43352
43356
43364
43378
43381
43384
43386
43387
43393
43395
43397
43410
43417
43423
43433
43436
43464
43475
43476
43478
43483
43488
43489
43492
43496
43498
43500
43518
43534
43543
43546
43548
43552
43555
43559
43566
43570
43571
43573
43580
43581
43586
43590
43591
43592
43598
43603
43617
43619
43625
43636
43647
43662
43671
43674
43679
43681
43684
43689
43691
43694
43695
43696
43698
43701
43709
43710
43712
43715
43732
43735
43737
43741
43744
43747
43748
43751
43758
43773
43791
43793
43797
43804
43805
43807
43808
43809
43815
43830
43832
43836
43846
43853
43857
43869
43880
43881
43886
43888
43891
43898
43900
43919
43924
43932
43936
43940
43952
43958
43962
43963
43964
43979
43981
43986
43989
43997
43999
44007
44011
44015
44033
44058
44061
44067
44072
44074
44097
44100
44108
44126
44130
44133
44144
44148
44149
44153
44176
44181
44182
44184
44188
44206
44219
44220
44234
44236
44239
44241
44245
44258
44261
44269
44270
44279
44283
44303
44318
44326
44341
44350
44356
44359
44363
44377
44378
44382
44391
44401
44406
44411
44412
44420
44439
44446
44448
44450
44453
44459
44461
44475
44484
44486
44494
44497
44505
44509
44510
44513
44518
44523
44527
44538
44547
44548
44550
44567
44579
44581
44590
44597
44607
44609
44611
44619
44621
44631
44635
44645
44650
44656
44661
44672
44678
44682
44697
44702
44709
44711
44716
44728
44731
44735
44741
44749
44753
44769
44793
44798
44800
44801
44804
44808
44809
44828
44834
44845
44853
44856
44865
44866
44872
44878
44880
44888
44905
44907
44911
44916
44918
44919
44934
44937
44943
44944
44979
45007
45009
45016
45025
45028
45030
45036
45038
45048
45049
45052
45056
45057
45063
45065
45067
45084
45091
45092
45093
45098
45109
45117
45120
45122
45126
45138
45144
45151
45153
45160
45162
45168
45170
45173
45175
45178
45183
45185
45192
45194
45198
45207
45211
45212
45219
45223
45227
45231
45234
45235
45247
45251
45258
45261
45262
45271
45284
45292
45293
45298
45301
45303
45310
45314
45322
45326
45335
45336
45342
45343
45352
45353
45360
45364
45375
45377
45378
45382
45383
45390
45392
45393
45397
45400
45401
45403
45410
45415
45417
45421
45432
45448
45449
45469
45473
45486
45488
45491
45492
45496
45514
45522
45532
45537
45541
45544
45546
45550
45556
45567
45574
45575
45581
45582
45584
45585
45600
45603
45618
45623
45635
45639
45642
45643
45669
45676
45689
45695
45699
45706
45711
45713
45714
45731
45732
45735
45739
45744
45750
45758
45761
45763
45764
45771
45778
45780
45787
45791
45793
45794
45798
45800
45807
45808
45811
45816
45823
45830
45834
45839
45846
45849
45860
45868
45880
45882
45883
45885
45887
45891
45892
45896
45902
45904
45908
45916
45929
45932
45936
45946
45947
45973
45980
45983
45992
46005
46011
46018
46026
46030
46038
46056
46059
46063
46066
46071
46075
46080
46088
46089
46092
46097
46100
46103
46113
46114
46117
46119
46120
46132
46159
46175
46185
46190
46192
46198
46200
46205
46215
46216
46223
46226
46232
46236
46237
46248
46254
46258
46260
46261
46285
46292
46297
46307
46309
46311
46313
46314
46315
46324
46327
46333
46339
46347
46348
46351
46355
46356
46363
46368
46373
46384
46388
46402
46409
46419
46421
46426
46433
46435
46440
46449
46452
46455
46457
46459
46475
46483
46489
46500
46503
46520
46528
46531
46534
46545
46563
46575
46587
46597
46600
46606
46611
46617
46623
46633
46634
46636
46650
46659
46661
46663
46669
46671
46677
46679
46680
46687
46690
46699
46706
46707
46714
46715
46719
46722
46725
46731
46736
46737
46755
46762
46763
46765
46766
46772
46774
46783
46799
46803
46805
46809
46812
46813
46814
46832
46838
46839
46842
46846
46847
46849
46864
46876
46879
46888
46901
46904
46910
46912
46916
46950
46951
46958
46960
46965
46968
46972
46979
46982
46994
46995
47001
47002
47005
47010
47012
47013
47019
47026
47027
47028
47029
47034
47037
47040
47043
47051
47078
47085
47093
47100
47108
47123
47124
47134
47147
47150
47165
47174
47185
47187
47188
47197
47200
47206
47223
47245
47247
47251
47252
47254
47269
47273
47278
47285
47292
47298
47302
47311
47317
47320
47335
47339
47347
47349
47353
47364
47366
47368
47376
47377
47379
47391
47394
47398
47400
47406
47419
47422
47423
47428
47436
47452
47453
47456
47457
47464
47475
47489
47498
47499
47528
47529
47534
47544
47552
47556
47572
47575
47582
47590
47599
47608
47614
47621
47637
47638
47649
47651
47652
47653
47658
47661
47680
47689
47700
47707
47710
47716
47723
47733
47742
47758
47761
47762
47772
47777
47779
47781
47787
47788
47821
47825
47832
47844
47848
47855
47873
47875
47882
47890
47894
47897
47906
47908
47922
47926
47928
47935
47959
47960
47964
47972
47973
47981
47982
47983
47990
47998
48002
48003
48005
48032
48035
48037
48038
48050
48053
48067
48074
48076
48079
48081
48083
48095
48100
48103
48104
48123
48126
48133
48147
48148
48158
48162
48167
48168
48171
48185
48201
48205
48208
48209
48223
48231
48240
48242
48246
48247
48276
48277
48282
48289
48297
48313
48320
48328
48341
48346
48350
48359
48365
48368
48370
48377
48379
48381
48388
48396
48397
48409
48415
48426
48434
48439
48440
48445
48447
48449
48452
48463
48466
48475
48478
48486
48491
48496
48502
48503
48504
48507
48508
48513
48518
48526
48529
48530
48539
48541
48559
48575
48577
48578
48580
48583
48585
48600
48613
48614
48622
48623
48635
48649
48653
48655
48661
48666
48667
48675
48688
48691
48695
48698
48716
48719
48722
48737
48740
48766
48767
48770
48778
48786
48787
48791
48798
48804
48805
48807
48809
48811
48816
48829
48836
48840
48851
48852
48854
48855
48857
48862
48870
48875
48878
48891
48892
48894
48898
48900
48901
48904
48905
48917
48929
48930
48944
48946
48952
48954
48955
48956
48959
48964
48973
48975
48977
48982
48986
48993
48995
48998
49008
49011
49012
49015
49026
49029
49033
49034
49040
49043
49049
49073
49081
49084
49100
49106
49109
49126
49143
49147
49148
49155
49160
49167
49180
49181
49196
49200
49202
49208
49212
49216
49223
49231
49236
49241
49250
49263
49275
49280
49289
49291
49302
49305
49310
49314
49325
49326
49350
49353
49359
49362
49371
49373
49374
49378
49390
49414
49417
49419
49423
49425
49428
49439
49443
49458
49473
49479
49480
49483
49484
49524
49532
49544
49545
49548
49549
49553
49555
49569
49572
49574
49576
49577
49581
49584
49589
49591
49592
49597
49598
49599
49605
49613
49614
49620
49621
49622
49623
49631
49638
49639
49651
49654
49661
49669
49672
49681
49700
49704
49705
49706
49712
49714
49721
49727
49729
49732
49742
49760
49764
49765
49772
49774
49780
49787
49789
49796
49798
49806
49813
49814
49820
49829
49833
49838
49848
49849
49851
49852
49860
49861
49865
49869
49871
49874
49891
49892
49894
49906
49907
49920
49935
49936
49938
49944
49958
49960
49977
49990
49992
49995
50005
50008
50026
50028
50029
50040
50053
50069
50071
50084
50086
50090
50095
50106
50114
50119
50124
50126
50129
50140
50143
50145
50151
50158
50161
50163
50165
50169
50199
50201
50210
50212
50215
50216
50218
50237
50253
50255
50258
50264
50267
50268
50275
50281
50297
50301
50304
50306
50307
50322
50342
50343
50345
50346
50353
50360
50367
50369
50370
50372
50377
50378
50384
50404
50413
50420
50426
50445
50450
50463
50464
50486
50487
50492
50498
50503
50509
50510
50516
50527
50528
50541
50549
50563
50569
50573
50585
50590
50604
50605
50612
50624
50630
50633
50636
50637
50656
50657
50664
50667
50671
50680
50681
50682
50692
50701
50703
50707
50710
50722
50731
50736
50737
50739
50746
50747
50748
50753
50765
50773
50778
50780
50786
50801
50803
50808
50811
50814
50822
50823
50824
50835
50846
50849
50862
50867
50873
50880
50885
50891
50918
50921
50923
50931
50942
50949
50950
50952
50962
50968
50979
50998
51001
51009
51019
51025
51027
51032
51039
51045
51054
51058
51069
51078
51084
51085
51092
51103
51105
51119
51124
51128
51134
51139
51151
51156
51161
51165
51166
51175
51176
51189
51191
51194
51195
51197
51198
51204
51207
51214
51217
51235
51236
51238
51239
51254
51255
51278
51281
51300
51302
51311
51314
51320
51323
51328
51329
51330
51333
51335
51336
51339
51346
51349
51352
51364
51367
51370
51375
51376
51378
51410
51415
51419
51432
51435
51461
51473
51499
51503
51506
51507
51525
51529
51535
51539
51547
51551
51557
51569
51574
51578
51583
51586
51590
51592
51600
51607
51611
51626
51634
51641
51645
51656
51658
51673
51680
51683
51684
51701
51707
51708
51709
51716
51752
51758
51771
51776
51778
51784
51786
51803
51806
51811
51812
51815
51821
51830
51831
51833
51834
51835
51843
51849
51855
51856
51861
51865
51872
51874
51875
51878
51880
51892
51894
51895
51896
51920
51940
51943
51945
51948
51954
51960
51967
51970
51975
51979
51982
51987
51993
51994
51997
52002
52007
52009
52022
52023
52027
52028
52029
52047
52051
52060
52068
52074
52079
52086
52090
52091
52093
52099
52100
52101
52103
52111
52118
52121
52122
52126
52128
52133
52136
52142
52146
52168
52190
52192
52197
52198
52201
52206
52210
52214
52219
52232
52234
52237
52242
52245
52246
52279
52288
52290
52301
52307
52310
52312
52314
52320
52327
52332
52343
52346
52348
52356
52365
52366
52367
52373
52376
52378
52383
52413
52414
52415
52427
52431
52434
52441
52444
52447
52470
52475
52477
52493
52497
52503
52526
52531
52543
52546
52569
52572
52573
52576
52578
52593
52618
52630
52633
52652
52660
52662
52672
52681
52691
52692
52700
52708
52711
52712
52714
52723
52736
52737
52743
52746
52751
52758
52769
52770
52779
52783
52788
52791
52809
52818
52824
52862
52863
52870
52880
52882
52885
52895
52911
52914
52922
52923
52929
52935
52937
52946
52958
52965
52977
52991
53005
53012
53014
53022
53025
53026
53027
53047
53049
53050
53064
53067
53074
53077
53079
53080
53083
53092
53098
53099
53102
53107
53110
53118
53121
53125
53128
53129
53135
53136
53146
53150
53158
53164
53177
53185
53191
53194
53203
53204
53214
53252
53257
53271
53276
53280
53281
53282
53289
53292
53298
53309
53313
53321
53332
53337
53338
53346
53363
53367
53372
53374
53376
53380
53382
53400
53407
53421
53429
53432
53434
53435
53440
53443
53444
53451
53453
53455
53462
53486
53509
53511
53519
53539
53549
53550
53559
53570
53574
53577
53578
53590
53599
53600
53602
53610
53611
53612
53617
53620
53623
53630
53632
53634
53641
53644
53646
53649
53651
53656
53663
53670
53675
53680
53682
53690
53696
53705
53706
53710
53711
53715
53718
53729
53733
53735
53736
53737
53753
53764
53765
53766
53769
53770
53777
53783
53786
53788
53793
53798
53800
53811
53819
53821
53825
53830
53835
53842
53852
53860
53871
53874
53876
53882
53884
53904
53907
53912
53921
53939
53946
53953
53966
53972
53973
53976
53979
53982
54000
54008
54022
54024
54035
54046
54055
54058
54064
54066
54077
54081
54087
54096
54109
54113
54119
54124
54144
54145
54154
54158
54162
54163
54172
54175
54185
54203
54208
54211
54221
54234
54236
54237
54242
54245
54248
54251
54257
54258
54269
54270
54274
54283
54284
54289
54321
54330
54342
54346
54353
54362
54366
54372
54375
54387
54391
54395
54406
54409
54423
54426
54430
54437
54439
54454
54457
54467
54471
54473
54484
54490
54494
54500
54509
54512
54516
54534
54536
54542
54543
54548
54550
54551
54562
54568
54575
54578
54594
54595
54603
54605
54606
54614
54615
54620
54625
54637
54638
54641
54645
54647
54663
54672
54676
54684
54686
54689
54691
54694
54697
54718
54726
54739
54743
54748
54750
54772
54773
54776
54781
54793
54794
54796
54797
54810
54812
54815
54818
54825
54833
54834
54854
54856
54869
54873
54886
54895
54897
54898
54902
54908
54909
54915
54917
54918
54922
54936
54942
54945
54959
54964
54967
54974
54983
54991
54993
54997
55029
55037
55051
55057
55060
55066
55071
55072
55080
55087
55090
55097
55110
55120
55132
55135
55137
55138
55142
55151
55160
55162
55172
55173
55179
55200
55209
55212
55223
55227
55234
55238
55255
55259
55261
55264
55266
55269
55271
55274
55276
55288
55290
55302
55303
55304
55305
55306
55312
55315
55323
55328
55335
55346
55348
55359
55362
55366
55372
55394
55399
55401
55405
55415
55419
55425
55426
55447
55455
55459
55461
55467
55470
55481
55487
55488
55491
55495
55496
55498
55517
55522
55526
55528
55534
55538
55545
55546
55549
55551
55555
55561
55566
55568
55571
55579
55586
55587
55592
55609
55616
55627
55628
55644
55648
55649
55657
55684
55696
55707
55709
55721
55726
55727
55734
55744
55747
55748
55752
55758
55770
55795
55803
55813
55816
55822
55824
55828
55829
55835
55848
55849
55850
55857
55866
55873
55880
55881
55887
55889
55892
55893
55898
55901
55907
55912
55914
55916
55925
55927
55937
55949
55950
55954
55957
55966
55970
55971
55972
55973
55983
55985
55991
55993
55997
55998
55999
56004
56009
56020
56021
56029
56035
56046
56058
56062
56063
56064
56067
56078
56088
56097
56110
56114
56120
56135
56169
56192
56194
56208
56211
56213
56214
56216
56217
56242
56244
56261
56263
56264
56272
56276
56281
56282
56289
56291
56300
56306
56309
56311
56312
56316
56322
56350
56354
56361
56369
56378
56385
56389
56418
56422
56425
56430
56440
56445
56448
56455
56461
56467
56477
56482
56504
56512
56515
56518
56522
56523
56527
56533
56537
56539
56544
56548
56549
56550
56555
56556
56568
56579
56581
56582
56597
56598
56609
56610
56612
56621
56633
56644
56645
56653
56663
56668
56683
56685
56689
56694
56696
56698
56700
56706
56715
56717
56730
56744
56749
56768
56774
56782
56788
56799
56815
56817
56819
56831
56835
56839
56840
56850
56853
56874
56880
56903
56910
56925
56926
56933
56934
56942
56946
56952
56955
56957
56958
56976
56980
56983
56985
56990
56994
57006
57008
57016
57028
57033
57037
57041
57045
57048
57053
57055
57056
57058
57064
57067
57080
57091
57096
57097
57106
57107
57123
57127
57130
57131
57137
57138
57142
57143
57145
57159
57160
57172
57174
57178
57180
57206
57210
57211
57212
57217
57220
57232
57246
57254
57258
57263
57266
57283
57293
57294
57296
57300
57305
57309
57313
57315
57317
57318
57320
57322
57326
57336
57339
57351
57363
57368
57373
57378
57384
57398
57405
57409
57410
57411
57416
57422
57435
57442
57444
57461
57464
57465
57473
57474
57475
57484
57493
57495
57500
57509
57512
57515
57521
57525
57535
57545
57546
57557
57560
57571
57578
57579
57582
57584
57603
57606
57610
57611
57615
57626
57636
57638
57654
57658
57665
57669
57683
57684
57685
57697
57704
57705
57712
57721
57730
57746
57747
57751
57752
57757
57758
57760
57763
57771
57773
57777
57783
57789
57800
57804
57810
57813
57818
57820
57822
57838
57842
57844
57845
57861
57870
57886
57894
57895
57896
57906
57908
57911
57921
57928
57938
57941
57948
57951
57958
57961
57963
57980
57989
57991
58007
58012
58036
58044
58045
58047
58052
58054
58057
58060
58061
58064
58078
58087
58089
58096
58105
58114
58122
58126
58129
58134
58135
58152
58155
58160
58165
58166
58168
58171
58176
58197
58198
58201
58205
58206
58208
58217
58219
58224
58250
58266
58272
58278
58285
58300
58304
58322
58325
58344
58352
58355
58359
58366
58368
58372
58381
58382
58389
58394
58397
58402
58404
58405
58424
58427
58430
58438
58442
58446
58449
58454
58460
58465
58467
58468
58471
58474
58489
58492
58493
58495
58502
58516
58520
58525
58526
58530
58536
58543
58551
58572
58575
58578
58594
58595
58599
58620
58625
58628
58643
58648
58657
58668
58676
58678
58683
58698
58709
58710
58715
58723
58734
58744
58747
58748
58751
58752
58757
58759
58770
58773
58779
58790
58793
58798
58800
58801
58814
58820
58826
58836
58859
58863
58864
58866
58873
58877
58884
58888
58892
58899
58900
58909
58911
58940
58953
58969
58977
58983
58990
59003
59008
59009
59024
59029
59039
59040
59051
59055
59060
59070
59072
59078
59082
59089
59093
59102
59106
59107
59110
59114
59118
59122
59124
59127
59133
59148
59175
59177
59179
59187
59203
59204
59210
59211
59213
59227
59234
59238
59255
59263
59271
59272
59275
59287
59290
59292
59297
59300
59309
59344
59357
59359
59362
59363
59370
59380
59381
59385
59388
59389
59391
59398
59405
59417
59428
59432
59434
59440
59441
59447
59450
59453
59456
59458
59468
59469
59471
59476
59480
59481
59494
59504
59507
59511
59515
59518
59519
59532
59539
59546
59550
59557
59559
59562
59567
59575
59578
59584
59590
59591
59594
59599
59601
59604
59613
59617
59626
59638
59656
59658
59666
59667
59674
59683
59689
59703
59707
59708
59717
59719
59726
59733
59734
59738
59751
59759
59766
59770
59780
59781
59782
59817
59822
59831
59833
59834
59849
59854
59860
59862
59876
59888
59893
59913
59919
59922
59931
59939
59955
59957
59969
59970
59975
59981
59982
59988
59992
60008
60013
60023
60037
60042
60043
60053
60055
60060
60071
60088
60095
60102
60103
60106
60119
60124
60125
60127
60130
60132
60134
60136
60148
60155
60165
60181
60190
60194
60197
60199
60203
60204
60209
60220
60221
60234
60241
60257
60260
60262
60265
60272
60286
60287
60289
60311
60318
60320
60331
60332
60335
60347
60361
60366
60367
60371
60372
60384
60390
60394
60402
60417
60421
60426
60428
60429
60433
60440
60463
60474
60478
60479
60500
60503
60507
60521
60527
60529
60530
60533
60536
60539
60545
60546
60554
60561
60580
60582
60590
60593
60595
60603
60604
60605
60608
60610
60611
60625
60642
60662
60667
60679
60681
60692
60697
60706
60717
60722
60728
60730
60747
60750
60756
60757
60758
60759
60761
60764
60779
60780
60788
60791
60798
60805
60806
60810
60820
60823
60830
60832
60835
60837
60852
60853
60857
60859
60870
60871
60884
60891
60892
60895
60904
60905
60908
60920
60927
60928
60931
60934
60937
60949
60952
60956
60957
60959
60963
60966
60970
60972
60973
60978
60982
60985
60990
60996
61006
61011
61021
61034
61042
61046
61051
61055
61057
61061
61066
61069
61070
61071
61077
61083
61090
61094
61095
61100
61109
61110
61116
61132
61135
61137
61139
61143
61144
61146
61160
61165
61176
61177
61181
61203
61208
61214
61225
61226
61231
61237
61253
61262
61263
61265
61284
61286
61288
61293
61295
61296
61297
61300
61301
61302
61303
61308
61323
61337
61339
61345
61348
61352
61353
61365
61386
61389
61399
61402
61409
61410
61419
61425
61427
61429
61432
61434
61436
61437
61438
61439
61440
61444
61452
61457
61465
61468
61475
61478
61479
61482
61488
61491
61501
61505
61525
61526
61529
61530
61533
61548
61566
61583
61592
61601
61605
61612
61617
61625
61630
61637
61639
61644
61648
61674
61678
61690
61691
61702
61707
61712
61714
61722
61723
61738
61739
61743
61751
61755
61757
61771
61774
61786
61787
61791
61799
61803
61809
61810
61819
61820
61824
61830
61835
61844
61845
61850
61851
61856
61858
61866
61870
61874
61892
61893
61896
61901
61908
61909
61919
61921
61925
61930
61936
61938
61945
61951
61967
61972
61976
61982
61988
61994
62002
62003
62008
62009
62013
62016
62017
62019
62023
62025
62029
62034
62037
62047
62052
62054
62055
62070
62072
62073
62086
62094
62097
62118
62121
62124
62127
62145
62147
62149
62151
62162
62165
62167
62169
62178
62183
62191
62205
62216
62219
62226
62228
62232
62233
62237
62238
62239
62245
62246
62247
62252
62257
62258
62260
62271
62282
62284
62286
62297
62299
62300
62303
62304
62315
62321
62322
62324
62325
62331
62332
62336
62339
62343
62346
62354
62356
62359
62363
62365
62367
62372
62380
62384
62404
62412
62416
62423
62435
62436
62437
62441
62447
62467
62470
62472
62483
62492
62495
62500
62503
62509
62510
62511
62517
62522
62549
62566
62569
62575
62578
62583
62586
62587
62589
62596
62604
62605
62619
62621
62623
62627
62634
62636
62644
62654
62655
62673
62688
62690
62691
62692
62700
62708
62709
62710
62720
62730
62731
62737
62739
62743
62754
62758
62762
62775
62777
62782
62808
62818
62824
62833
62836
62841
62844
62847
62856
62857
62860
62866
62870
62873
62874
62875
62885
62886
62892
62894
62900
62919
62923
62928
62929
62934
62952
62958
62971
62979
62981
62983
62989
63000
63001
63002
63003
63004
63021
63022
63024
63025
63045
63050
63065
63069
63072
63080
63081
63092
63094
63096
63103
63105
63110
63115
63119
63120
63129
63132
63135
63138
63141
63148
63157
63162
63167
63170
63171
63175
63177
63178
63183
63198
63202
63205
63225
63234
63239
63246
63248
63254
63262
63269
63271
63279
63288
63294
63296
63297
63305
63307
63311
63314
63318
63322
63326
63331
63334
63337
63338
63343
63344
63345
63355
63363
63367
63369
63372
63373
63374
63377
63389
63392
63393
63394
63403
63414
63415
63417
63419
63420
63427
63429
63430
63448
63461
63463
63469
63477
63479
63487
63488
63498
63500
63501
63505
63506
63509
63512
63515
63527
63532
63541
63552
63557
63563
63565
63570
63573
63584
63585
63594
63598
63599
63600
63602
63604
63616
63617
63618
63621
63622
63641
63644
63653
63655
63661
63663
63664
63666
63670
63671
63675
63678
63679
63689
63706
63710
63711
63727
63734
63737
63740
63747
63750
63752
63763
63768
63769
63773
63774
63821
63824
63827
63845
63846
63849
63860
63862
63863
63868
63870
63874
63875
63878
63884
63886
63889
63893
63904
63906
63917
63921
63935
63936
63956
63957
63959
63963
63978
63992
63997
63998
64012
64017
64018
64023
64027
64045
64046
64060
64062
64070
64072
64078
64082
64084
64098
64101
64112
64117
64119
64121
64123
64124
64132
64140
64142
64163
64166
64168
64169
64171
64174
64188
64191
64196
64200
64202
64205
64217
64219
64223
64235
64239
64247
64251
64252
64253
64255
64258
64259
64265
64269
64271
64283
64284
64286
64288
64293
64297
64301
64303
64309
64311
64318
64329
64332
64337
64343
64363
64365
64371
64379
64380
64391
64398
64435
64439
64452
64456
64464
64467
64468
64472
64476
64495
64496
64499
64500
64506
64511
64526
64555
64556
64558
64567
64571
64573
64575
64578
64582
64583
64586
64593
64599
64602
64619
64620
64633
64635
64646
64661
64677
64681
64683
64684
64697
64701
64702
64704
64706
64710
64713
64721
64724
64726
64734
64755
64757
64759
64766
64781
64793
64801
64809
64814
64821
64825
64828
64838
64845
64849
64854
64855
64859
64860
64878
64880
64882
64885
64886
64888
64891
64903
64916
64922
64928
64931
64933
64934
64937
64945
64948
64959
64960
64966
64967
64976
64991
64992
65000
65004
65012
65016
65025
65031
65039
65044
65046
65054
65056
65072
65073
65081
65088
65094
65104
65113
65117
65121
65127
65129
65136
65143
65146
65148
65150
65159
65165
65187
65195
65200
65213
65215
65219
65225
65229
65234
65237
65241
65244
65247
65249
65251
65256
65270
65271
65272
65274
65283
65288
65290
65291
65297
65301
65306
65308
65314
65317
65322
65325
65329
65331
65341
65345
65356
65358
65364
65368
65377
65379
65389
65394
65395
65415
65416
65418
65420
65422
65426
65427
65432
65442
65445
65448
65450
65451
65461
65462
65466
65471
65472
65474
65493
65502
65505
65514
65518
65529
65532
65540
65541
65545
65549
65564
65569
65576
65580
65581
65588
65596
65598
65610
65625
65629
65632
65639
65648
65654
65671
65691
65710
65715
65719
65729
65735
65736
65740
65741
65742
65747
65755
65769
65774
65776
65778
65788
65814
65818
65826
65838
65841
65867
65873
65876
65879
65891
65898
65916
65919
65920
65927
65930
65936
65941
65943
65945
65951
65965
65972
65975
65981
65984
65986
65990
65999
66005
66007
66015
66016
66028
66029
66036
66039
66043
66048
66052
66053
66066
66079
66082
66085
66086
66096
66099
66101
66102
66103
66105
66106
66108
66113
66117
66120
66125
66126
66128
66132
66137
66145
66150
66151
66158
66171
66172
66176
66184
66187
66190
66203
66212
66219
66226
66227
66238
66243
66247
66250
66252
66254
66255
66261
66262
66266
66268
66269
66279
66281
66287
66289
66297
66306
66308
66330
66344
66346
66349
66360
66361
66373
66377
66391
66393
66397
66399
66414
66417
66430
66432
66433
66438
66441
66448
66452
66454
66465
66466
66467
66470
66474
66476
66478
66480
66481
66491
66493
66500
66507
66508
66517
66526
66536
66542
66552
66554
66568
66573
66574
66577
66586
66592
66593
66602
66605
66612
66614
66624
66636
66638
66652
66653
66654
66656
66657
66658
66662
66666
66668
66670
66677
66685
66688
66689
66699
66705
66709
66715
66734
66739
66743
66744
66754
66763
66767
66770
66791
66795
66796
66805
66811
66825
66848
66860
66868
66870
66872
66881
66902
66903
66913
66931
66935
66945
66952
66963
66968
66987
67000
67008
67015
67017
67025
67029
67030
67040
67041
67051
67057
67058
67078
67082
67099
67112
67114
67126
67128
67131
67133
67135
67151
67155
67159
67160
67161
67165
67171
67177
67186
67205
67207
67215
67216
67228
67230
67234
67251
67266
67267
67268
67278
67280
67286
67289
67292
67295
67297
67308
67309
67314
67315
67318
67320
67323
67326
67352
67360
67367
67372
67385
67389
67412
67422
67423
67425
67444
67464
67466
67467
67470
67471
67485
67491
67493
67498
67526
67534
67542
67546
67548
67553
67554
67562
67565
67577
67583
67587
67602
67610
67612
67617
67623
67635
67655
67656
67660
67671
67672
67679
67680
67685
67690
67693
67698
67699
67710
67719
67724
67725
67731
67740
67747
67750
67784
67785
67792
67794
67798
67799
67805
67807
67808
67812
67813
67817
67820
67827
67840
67855
67859
67860
67862
67865
67867
67869
67870
67878
67883
67885
67891
67894
67899
67904
67910
67923
67930
67931
67935
67940
67951
67954
67959
67960
67974
67980
67984
67989
67991
68005
68011
68027
68035
68045
68058
68062
68070
68077
68092
68125
68140
68148
68157
68159
68164
68166
68168
68179
68190
68200
68211
68212
68213
68218
68230
68233
68234
68250
68256
68257
68259
68272
68278
68286
68289
68291
68297
68301
68302
68308
68309
68316
68320
68324
68339
68341
68342
68348
68358
68371
68375
68384
68387
68390
68400
68404
68408
68412
68414
68422
68429
68447
68448
68450
68453
68455
68457
68458
68472
68479
68483
68488
68492
68505
68514
68519
68523
68525
68528
68529
68533
68545
68549
68558
68561
68565
68577
68584
68589
68590
68594
68597
68600
68602
68607
68608
68612
68625
68629
68632
68645
68647
68648
68651
68652
68657
68660
68675
68704
68706
68722
68726
68734
68741
68742
68745
68754
68765
68766
68770
68775
68782
68784
68785
68786
68791
68795
68803
68809
68819
68820
68827
68831
68837
68842
68852
68858
68864
68878
68881
68882
68887
68896
68906
68913
68918
68924
68929
68932
68945
68988
68990
68998
69003
69012
69025
69027
69030
69031
69033
69037
69044
69047
69060
69066
69068
69085
69093
69099
69100
69104
69107
69117
69126
69132
69134
69143
69145
69150
69152
69161
69169
69172
69177
69192
69209
69211
69223
69224
69225
69228
69229
69234
69240
69241
69244
69246
69252
69260
69263
69265
69274
69289
69290
69295
69306
69313
69316
69319
69320
69322
69324
69337
69341
69346
69355
69361
69367
69376
69398
69402
69404
69407
69414
69415
69426
69431
69435
69444
69446
69447
69460
69465
69466
69473
69475
69476
69483
69490
69496
69497
69506
69507
69511
69517
69519
69522
69523
69526
69532
69542
69549
69557
69561
69576
69593
69608
69621
69630
69631
69633
69637
69639
69642
69649
69662
69682
69686
69687
69691
69696
69699
69707
69711
69712
69714
69735
69739
69750
69752
69753
69758
69760
69762
69772
69773
69778
69779
69781
69782
69796
69799
69800
69807
69808
69812
69821
69832
69833
69837
69842
69843
69845
69847
69854
69861
69864
69866
69872
69883
69886
69893
69898
69901
69902
69922
69934
69939
69940
69944
69951
69952
69958
69961
69967
69980
69989
69990
70003
70012
70013
70015
70019
70047
70050
70054
70058
70063
70065
70072
70084
70096
70099
70107
70122
70125
70127
70139
70140
70143
70146
70147
70149
70165
70167
70182
70183
70184
70191
70194
70199
70200
70205
70234
70241
70265
70278
70287
70290
70300
70305
70307
70310
70314
70319
70334
70336
70339
70342
70351
70352
70366
70367
70369
70376
70378
70386
70393
70400
70401
70402
70405
70409
70411
70414
70417
70420
70421
70422
70429
70435
70436
70441
70443
70444
70463
70469
70472
70479
70481
70482
70491
70495
70496
70505
70506
70515
70535
70540
70542
70545
70546
70549
70551
70563
70565
70576
70577
70578
70581
70582
70585
70599
70623
70625
70629
70630
70632
70641
70646
70650
70668
70677
70686
70690
70692
70693
70705
70706
70708
70710
70711
70716
70732
70734
70735
70737
70749
70755
70769
70776
70781
70796
70804
70808
70815
70818
70819
70820
70824
70826
70827
70841
70847
70849
70851
70853
70856
70872
70874
70880
70884
70894
70901
70904
70912
70915
70917
70926
70928
70932
70934
70935
70938
70939
70941
70943
70960
70964
70980
70990
70995
71000
71003
71005
71016
71027
71028
71031
71034
71039
71041
71043
71045
71056
71059
71065
71072
71081
71099
71103
71108
71112
71113
71120
71126
71129
71139
71140
71144
71146
71154
71157
71158
71162
71165
71183
71184
71185
71196
71227
71233
71239
71248
71260
71264
71278
71280
71285
71290
71305
71307
71321
71322
71323
71324
71329
71334
71339
71340
71347
71352
71356
71379
71381
71383
71396
71397
71403
71405
71425
71430
71432
71434
71443
71445
71457
71460
71470
71478
71497
71503
71505
71506
71510
71514
71518
71520
71528
71530
71533
71537
71540
71544
71547
71548
71550
71555
71556
71557
71558
71563
71569
71572
71573
71577
71590
71599
71602
71604
71606
71612
71617
71619
71622
71630
71631
71636
71638
71646
71649
71650
71653
71657
71661
71684
71698
71699
71708
71725
71726
71729
71745
71746
71747
71753
71754
71757
71771
71783
71787
71794
71795
71798
71803
71812
71814
71820
71821
71825
71845
71846
71848
71856
71858
71862
71866
71874
71875
71877
71885
71888
71890
71891
71894
71899
71905
71906
71914
71922
71927
71950
71951
71952
71960
71964
71965
71968
71970
71974
71982
71984
71988
71998
72002
72013
72014
72016
72017
72022
72029
72034
72047
72052
72054
72061
72062
72063
72066
72067
72070
72071
72078
72080
72081
72088
72093
72094
72095
72129
72147
72151
72152
72154
72161
72164
72166
72174
72178
72182
72192
72193
72198
72203
72208
72225
72230
72236
72254
72260
72264
72266
72289
72294
72298
72300
72301
72307
72312
72314
72319
72328
72334
72335
72336
72337
72339
72345
72363
72364
72365
72366
72369
72373
72378
72384
72390
72391
72410
72412
72416
72417
72427
72437
72440
72445
72446
72474
72478
72489
72492
72496
72497
72502
72515
72521
72524
72527
72556
72560
72561
72562
72578
72589
72611
72627
72632
72642
72655
72670
72671
72675
72676
72677
72683
72684
72690
72694
72707
72708
72712
72713
72720
72723
72728
72732
72733
72734
72743
72744
72753
72758
72762
72768
72778
72793
72796
72800
72806
72807
72814
72822
72831
72832
72841
72842
72846
72873
72882
72885
72886
72890
72931
72933
72938
72943
72952
72953
72959
72961
72969
72982
72992
72996
73012
73013
73043
73048
73062
73063
73074
73083
73090
73097
73105
73114
73133
73134
73135
73140
73151
73152
73157
73162
73167
73170
73200
73202
73204
73233
73239
73240
73251
73271
73279
73291
73293
73300
73319
73336
73338
73341
73356
73366
73378
73388
73390
73399
73401
73402
73411
73427
73430
73436
73438
73447
73449
73453
73456
73476
73478
73481
73484
73496
73498
73501
73503
73511
73513
73522
73553
73563
73565
73573
73578
73593
73601
73604
73605
73627
73629
73655
73659
73663
73685
73689
73690
73693
73699
73711
73717
73727
73728
73739
73743
73761
73770
73774
73784
73785
73786
73789
73799
73800
73806
73812
73815
73817
73828
73832
73836
73853
73866
73871
73876
73877
73879
73881
73885
73894
73905
73913
73914
73919
73929
73943
73954
73961
73970
73973
73977
73988
73991
73998
74004
74009
74014
74031
74044
74053
74059
74061
74066
74074
74080
74081
74087
74093
74100
74119
74128
74162
74164
74166
74170
74176
74178
74181
74204
74209
74218
74224
74248
74250
74261
74263
74274
74277
74280
74289
74291
74302
74310
74312
74313
74317
74318
74325
74330
74353
74357
74368
74378
74384
74390
74401
74407
74433
74435
74442
74460
74476
74499
74502
74511
74515
74525
74526
74538
74549
74552
74568
74574
74578
74582
74603
74604
74605
74610
74617
74621
74622
74635
74636
74646
74654
74672
74678
74682
74689
74692
74697
74700
74704
74726
74738
74746
74753
74781
74783
74793
74794
74795
74798
74804
74824
74831
74833
74842
74844
74851
74858
74859
74872
74887
74890
74893
74904
74907
74921
74932
74938
74942
74944
74946
74961
74966
74972
74973
75000
75004
75009
75022
75026
75034
75036
75046
75057
75059
75064
75069
75072
75081
75103
75105
75106
75125
75127
75130
75135
75139
75143
75144
75147
75149
75155
75160
75164
75172
75174
75181
75182
75194
75198
75200
75209
75214
75218
75249
75264
75271
75277
75289
75294
75297
75304
75309
75315
75319
75320
75327
75332
75341
75355
75357
75363
75370
75389
75391
75392
75394
75409
75416
75424
75425
75435
75437
75440
75442
75443
75444
75448
75464
75478
75505
75509
75512
75520
75526
75535
75543
75557
75564
75572
75583
75587
75617
75625
75627
75629
75631
75634
75641
75645
75655
75660
75669
75672
75681
75691
75696
75704
75709
75717
75733
75754
75755
75766
75768
75773
75774
75782
75783
75785
75786
75787
75788
75791
75795
75805
75808
75816
75825
75831
75834
75836
75850
75855
75857
75859
75883
75885
75893
75901
75904
75908
75910
75911
75930
75934
75936
75940
75942
75951
75954
75968
75972
76006
76029
76033
76045
76050
76060
76069
76075
76079
76082
76084
76086
76092
76104
76122
76133
76139
76144
76156
76173
76182
76188
76197
76209
76231
76277
76279
76281
76290
76292
76310
76315
76338
76354
76365
76372
76373
76390
76411
76440
76446
76458
76459
76465
76492
76494
76498
76502
76512
76516
76522
76535
76536
76539
76548
76552
76559
76579
76589
76602
76605
76611
76624
76625
76627
76631
76633
76634
76658
76676
76678
76681
76690
76693
76702
76707
76740
76754
76761
76769
76779
76782
76790
76804
76805
76831
76833
76842
76853
76858
76861
76867
76869
76870
76873
76878
76885
76891
76894
76902
76905
76910
76919
76921
76923
76955
76958
76964
76970
76972
76988
76991
76998
77005
77012
77018
77023
77027
77041
77045
77053
77059
77068
77094
77104
77109
77121
77123
77124
77133
77140
77151
77161
77164
77165
77174
77192
77198
77199
77207
77214
77218
77219
77227
77242
77250
77253
77254
77255
77260
77265
77276
77279
77296
77299
77308
77339
77355
77356
77369
77378
77385
77394
77398
77404
77406
77414
77416
77421
77426
77433
77440
77442
77443
77449
77453
77470
77472
77482
77483
77496
77519
77534
77535
77542
77544
77548
77568
77570
77575
77577
77585
77599
77605
77613
77622
77637
77643
77648
77657
77658
77669
77680
77684
77691
77706
77712
77719
77725
77727
77729
77738
77742
77744
77745
77778
77783
77785
77808
77816
77830
77831
77836
77851
77857
77858
77870
77874
77881
77884
77890
77891
77911
77916
77931
77937
77951
77957
77965
77969
77971
77977
77980
77981
77992
78016
78017
78022
78048
78072
78077
78081
78109
78111
78112
78121
78126
78128
78142
78154
78167
78178
78184
78190
78201
78220
78232
78240
78261
78271
78276
78278
78282
78283
78290
78297
78300
78310
78317
78322
78324
78336
78362
78372
78375
78377
78398
78404
78418
78437
78446
78460
78468
78472
78483
78484
78514
78517
78519
78520
78541
78544
78551
78565
78580
78589
78593
78600
78602
78603
78605
78612
78613
78614
78623
78635
78645
78655
78668
78684
78689
78695
78699
78716
78729
78736
78763
78791
78798
78806
78809
78811
78817
78824
78831
78844
78853
78864
78870
78871
78881
78887
78888
78900
78903
78915
78922
78925
78933
78961
78966
78968
78971
78972
78974
79003
79005
79033
79052
79056
79062
79075
79100
79106
79119
79125
79130
79132
79141
79142
79148
79151
79155
79156
79171
79180
79182
79184
79185
79188
79202
79209
79221
79232
79233
79246
79248
79253
79262
79271
79275
79282
79287
79298
79304
79317
79332
79364
79372
79385
79386
79388
79394
79400
79401
79416
79422
79426
79437
79442
79459
79467
79484
79491
79498
79506
79514
79523
79527
79528
79531
79536
79543
79544
79551
79559
79562
79563
79566
79575
79578
79595
79612
79624
79626
79634
79668
79690
79716
79731
79751
79760
79769
79772
79774
79778
79779
79780
79786
79803
79806
79809
79813
79818
79830
79835
79840
79843
79849
79860
79864
79865
79876
79907
79908
79911
79914
79929
79932
79947
79960
79966
79979
79986
79988
79994
79996
80002
80012
80016
80018
80030
80033
80037
80042
80055
80057
80077
80081
80082
80091
80095
80123
80124
80130
80133
80137
80159
80167
80169
80172
80174
80188
80195
80229
80232
80235
80237
80239
80242
80246
80251
80274
80281
80284
80295
80300
80311
80312
80325
80326
80331
80341
80343
80352
80357
80360
80375
80405
80409
80420
80428
80430
80431
80439
80446
80447
80451
80461
80463
80475
80494
80499
80505
80510
80513
80532
80533
80538
80571
80579
80583
80590
80600
80614
80628
80638
80644
80649
80651
80661
80666
80669
80670
80677
80683
80692
80698
80699
80703
80726
80730
80735
80740
80745
80754
80774
80789
80791
80799
80808
80818
80819
80821
80834
80839
80848
80858
80864
80866
80874
80877
80880
80890
80897
80907
80919
80925
80926
80927
80936
80963
80992
81001
81015
81031
81032
81036
81037
81038
81056
81061
81069
81077
81080
81098
81101
81103
81109
81112
81121
81123
81143
81149
81152
81173
81174
81184
81190
81195
81197
81216
81227
81230
81236
81238
81268
81292
81299
81301
81305
81310
81313
81314
81328
81345
81347
81352
81353
81360
81367
81372
81375
81377
81381
81384
81386
81397
81438
81441
81442
81451
81454
81458
81463
81464
81472
81473
81494
81495
81509
81517
81522
81523
81525
81527
81532
81542
81543
81548
81551
81556
81558
81575
81586
81594
81605
81627
81637
81655
81669
81675
81676
81677
81687
81690
81704
81708
81727
81734
81738
81744
81745
81746
81753
81773
81774
81785
81791
81793
81799
81807
81808
81811
81814
81824
81828
81843
81845
81846
81861
81870
81871
81872
81877
81906
81907
81910
81922
81925
81927
81930
81937
81938
81940
81942
81945
81958
81968
81972
81987
82001
82002
82003
82007
82021
82027
82042
82047
82049
82054
82071
82072
82102
82118
82120
82136
82142
82143
82169
82173
82177
82183
82189
82191
82198
82202
82203
82219
82234
82245
82247
82251
82269
82270
82279
82288
82291
82292
82296
82299
82305
82313
82329
82333
82336
82341
82344
82355
82362
82374
82378
82385
82398
82399
82406
82414
82424
82428
82441
82442
82446
82467
82473
82480
82490
82493
82494
82499
82509
82514
82523
82528
82529
82530
82558
82564
82565
82567
82568
82573
82575
82598
82608
82621
82630
82644
82662
82665
82670
82676
82690
82701
82705
82719
82725
82746
82751
82752
82756
82760
82761
82769
82774
82778
82792
82810
82823
82836
82848
82850
82852
82860
82861
82863
82867
82877
82879
82884
82885
82886
82889
82893
82904
82909
82917
82924
82928
82936
82940
82947
82953
82959
82962
82968
82985
82997
83004
83039
83042
83062
83063
83067
83070
83072
83073
83074
83075
83077
83081
83095
83098
83101
83107
83113
83115
83119
83124
83127
83129
83132
83140
83141
83150
83151
83159
83161
83164
83166
83167
83168
83170
83178
83188
83192
83196
83211
83213
83214
83231
83232
83275
83278
83282
83284
83298
83300
83316
83320
83322
83346
83349
83366
83367
83369
83370
83379
83382
83401
83406
83407
83411
83415
83427
83431
83444
83445
83448
83453
83458
83478
83504
83515
83516
83523
83524
83534
83546
83558
83561
83577
83590
83596
83597
83598
83599
83603
83604
83664
83667
83668
83670
83671
83685
83686
83695
83708
83710
83713
83732
83735
83742
83749
83752
83759
83764
83768
83782
83783
83790
83816
83820
83822
83823
83831
83832
83840
83843
83852
83856
83860
83871
83905
83910
83912
83914
83915
83916
83917
83927
83933
83961
83971
83973
83975
83986
83989
84003
84011
84015
84018
84025
84032
84039
84046
84056
84058
84064
84067
84074
84080
84081
84086
84104
84112
84114
84119
84120
84141
84145
84150
84161
84162
84173
84176
84182
84186
84188
84197
84205
84208
84214
84215
84222
84226
84236
84245
84252
84253
84254
84266
84275
84279
84285
84297
84298
84303
84304
84309
84318
84328
84332
84335
84339
84345
84358
84381
84387
84419
84428
84442
84457
84459
84471
84472
84476
84484
84490
84512
84531
84539
84543
84547
84552
84561
84563
84573
84574
84577
84587
84596
84604
84615
84618
84619
84625
84634
84667
84671
84674
84675
84677
84686
84690
84694
84695
84698
84723
84734
84764
84774
84775
84778
84786
84788
84806
84811
84837
84841
84860
84867
84871
84873
84875
84882
84888
84891
84912
84915
84926
84927
84932
84934
84935
84949
84957
84961
84967
84973
84975
84977
84992
85007
85013
85022
85027
85039
85044
85069
85075
85078
85083
85090
85092
85094
85097
85106
85109
85110
85119
85125
85127
85130
85138
85146
85151
85155
85181
85183
85184
85191
85204
85212
85215
85218
85221
85230
85233
85240
85249
85287
85291
85294
85324
85330
85333
85345
85347
85355
85356
85359
85372
85374
85383
85400
85419
85427
85433
85447
85451
85456
85463
85466
85476
85485
85498
85501
85505
85509
85516
85517
85519
85522
85525
85529
85530
85536
85537
85538
85543
85550
85555
85563
85564
85565
85567
85568
85575
85608
85612
85615
85618
85624
85626
85632
85639
85641
85642
85672
85673
85678
85683
85684
85697
85709
85715
85716
85723
85727
85730
85731
85743
85750
85755
85760
85775
85785
85790
85800
85805
85819
85829
85843
85851
85866
85884
85886
85891
85904
85927
85931
85957
85958
85967
85968
85971
85978
85982
85990
85991
86000
86003
86008
86035
86042
86057
86058
86081
86082
86117
86120
86128
86141
86143
86160
86176
86178
86179
86181
86187
86202
86209
86232
86234
86254
86261
86262
86269
86273
86286
86289
86292
86297
86300
86308
86315
86316
86320
86331
86345
86350
86357
86365
86379
86394
86398
86419
86420
86429
86440
86444
86449
86455
86467
86484
86494
86537
86577
86578
86580
86583
86586
86599
86609
86645
86650
86651
86662
86676
86677
86683
86684
86688
86697
86702
86709
86719
86722
86724
86743
86755
86756
86760
86761
86765
86771
86777
86783
86785
86797
86799
86801
86815
86826
86832
86840
86845
86853
86856
86859
86864
86865
86870
86881
86891
86892
86909
86911
86912
86916
86922
86926
86928
86929
86930
86933
86938
86952
86960
86962
86969
86971
86974
86975
86982
86990
87000
87001
87003
87005
87006
87016
87019
87024
87032
87036
87043
87054
87103
87106
87107
87111
87113
87124
87147
87156
87162
87163
87174
87176
87193
87196
87205
87210
87217
87220
87245
87253
87263
87264
87282
87290
87297
87308
87311
87316
87328
87334
87337
87338
87346
87347
87359
87377
87412
87416
87417
87421
87427
87452
87466
87479
87483
87485
87502
87510
87522
87524
87533
87550
87552
87557
87559
87561
87568
87576
87585
87588
87590
87617
87627
87628
87630
87647
87654
87658
87660
87667
87681
87692
87694
87699
87702
87703
87704
87714
87764
87768
87773
87776
87783
87791
87795
87803
87804
87810
87826
87828
87830
87847
87862
87869
87875
87896
87911
87917
87922
87925
87928
87933
87945
87950
87957
87958
87959
87960
87997
88000
88023
88033
88043
88047
88049
88066
88080
88087
88093
88096
88105
88127
88133
88138
88145
88148
88154
88159
88162
88163
88165
88168
88169
88178
88204
88211
88213
88228
88244
88246
88251
88252
88253
88254
88255
88264
88268
88289
88290
88294
88305
88308
88315
88318
88322
88324
88326
88329
88339
88349
88364
88378
88379
88392
88396
88400
88413
88417
88419
88427
88434
88437
88440
88444
88456
88460
88468
88473
88499
88501
88502
88506
88511
88522
88526
88532
88533
88546
88548
88559
88573
88583
88584
88591
88596
88598
88599
88603
88604
88607
88622
88624
88629
88632
88640
88646
88647
88651
88655
88660
88663
88665
88668
88670
88675
88679
88689
88696
88699
88704
88716
88727
88731
88735
88759
88760
88767
88793
88803
88804
88839
88844
88855
88877
88884
88887
88897
88903
88909
88914
88915
88921
88942
88943
88945
88947
88955
88972
88976
88977
88981
88998
89000
89011
89014
89030
89048
89053
89060
89072
89079
89094
89096
89101
89113
89117
89132
89135
89146
89160
89161
89168
89175
89176
89181
89185
89189
89192
89197
89199
89218
89231
89235
89237
89243
89249
89255
89260
89282
89288
89307
89313
89325
89347
89351
89353
89361
89363
89364
89371
89378
89380
89385
89397
89425
89428
89430
89440
89454
89457
89459
89463
89464
89467
89484
89487
89488
89492
89493
89507
89510
89514
89517
89525
89529
89533
89539
89547
89550
89559
89567
89570
89571
89573
89575
89578
89579
89581
89585
89594
89596
89597
89606
89608
89639
89654
89659
89661
89682
89683
89697
89703
89711
89728
89746
89748
89761
89765
89770
89772
89777
89782
89788
89793
89798
89803
89808
89809
89810
89812
89820
89822
89824
89829
89836
89845
89848
89851
89863
89868
89872
89876
89891
89919
89973
89991
90005
90007
90010
90039
90049
90068
90074
90075
90116
90130
90133
90157
90166
90178
90204
90218
90249
90302
90322
90324
90325
90350
90359
90362
90395
90413
90461
90463
90479
90481
90487
90492
90499
90533
90544
90589
90593
90624
90625
90652
90655
90658
90659
90680
90688
90698
90720
90745
90792
90798
90836
90847
90850
90879
90888
90922
90927
90931
90941
90945
90953
90962
90966
90971
90973
90980
90987
91044
91048
91074
91112
91122
91147
91161
91186
91198
91237
91250
91253
91269
91270
91275
91284
91286
91290
91297
91305
91322
91336
91343
91351
91352
91378
91379
91388
91393
91397
91412
91413
91427
91490
91506
91521
91524
91526
91530
91535
91573
91574
91602
91612
91634
91667
91673
91689
91717
91720
91757
91760
91762
91819
91824
91843
91889
91895
91916
91924
91928
91949
91953
92016
92020
92026
92042
92061
92073
92098
92116
92118
92126
92131
92155
92159
92166
92180
92181
92191
92194
92201
92228
92249
92266
92282
92288
92318
92328
92352
92353
92366
92369
92413
92421
92428
92432
92436
92449
92461
92475
92507
92512
92519
92523
92537
92580
92591
92593
92594
92633
92670
92702
92745
92755
92772
92783
92794
92797
92813
92816
92835
92842
92844
92883
92899
92901
92918
92922
92959
92977
92992
92997
93046
93047
93075
93120
93123
93155
93201
93203
93222
93224
93226
93247
93255
93273
93312
93314
93323
93328
93346
93368
93393
93403
93411
93440
93442
93472
93496
93511
93525
93535
93540
93560
93616
93631
93647
93658
93664
93691
93713
93723
93787
93789
93812
93835
93859
93861
93894
93903
93908
93909
93916
93917
93918
93920
93923
93936
93943
93961
93988
94065
94075
94079
94097
94166
94204
94236
94298
94314
94323
94369
94387
94389
94423
94437
94449
94463
94493
94509
94518
94553
94564
94578
94622
94645
94694
94697
94720
94766
94805
94808
94817
94829
94900
94918
94953
94986
94995
95089
95118
95177
95229
95251
95276
95280
95337
95342
95499
95591
95619
95667
95682
95780
95782
95797
95830
95844
95862
95863
95882
95915
95922
95947
96058
96120
96139
96207
96254
96255
96276
96294
96296
96330
96387
96475
96492
96547
96631
96655
96669
96698
96777
96798
96803
96883
96915
96922
96924
96925
96933
96948
97048
97049
97096
97133
97184
97223
97253
97278
97302
97363
97509
97544
97592
97624
97637
97776
97803
97807
97853
97900
97903
97976
98006
98008
98015
98141
98150
98248
98255
98319
98350
98389
98438
98444
98497
98544
98642
98695
98734
98735
98770
98793
98800
98809
98839
98855
98895
98914
98920
98962
99053
99064
99078
99155
99186
99243
99319
99322
99354
99361
99431
99492
99503
99544
99580
99642
99705
99711
99771
99814
99833
99910
99935
99972
100014
100062
100077
100098
100113
100144
100165
100195
100237
100246
100272
100279
100391
100446
100453
100454
100468
100495
100513
100531
100592
100775
100786
100808
100810
100888
100907
100909
100922
100981
101017
101049
101086
101095
101127
101159
101210
101360
101376
101448
101501
101562
101582
101592
101618
101664
101667
101685
101715
101740
101791
101818
101846
101939
102055
102056
102092
102116
102197
102229
102245
102271
102337
102353
102357
102376
102414
102441
102593
102598
102658
102731
102741
102922
102947
102961
102973
103048
103069
103141
103142
103201
103208
103240
103242
103281
103298
103300
103308
103330
103339
103372
103380
103394
103395
103445
103483
103488
103509
103525
103529
103530
103559
103567
103569
103587
103602
103623
103649
103660
103720
103758
103764
103769
103804
103823
103908
103949
103970
104021
104022
104089
104090
104151
104165
104173
104261
104305
104337
104357
104375
104383
104387
104401
104418
104430
104435
104450
104493
104500
104517
104570
104605
104641
104655
104695
104706
104738
104743
104787
104842
104870
104908
104974
105010
105012
105076
105086
105150
105198
105314
105385
105415
105425
105443
105508
105527
105563
105638
105682
105722
105726
105778
105801
105831
105851
105857
105878
105882
105975
106024
106032
106041
106081
106110
106138
106142
106168
106230
106256
106285
106295
106329
106332
106342
106466
106562
106581
106586
106615
106652
106664
106676
106683
106699
106737
106738
106742
106743
106767
106805
106832
106840
106862
106914
106931
106953
106965
107045
107071
107094
107145
107153
107166
107213
107246
107303
107313
107369
107381
107385
107386
107446
107450
107453
107496
107646
107665
107755
107804
107830
107852
107933
108010
108018
108062
108153
108177
108188
108189
108213
108215
108251
108293
108301
108365
108368
108397
108455
108525
108696
108721
108744
108854
108877
108913
108941
109050
109056
109081
109094
109211
109259
109336
109359
109411
109429
109432
109436
109440
109479
109573
109670
109675
109692
109710
109748
109765
109845
109872
109904
109920
109952
109956
109987
110048
110072
110075
110080
110088
110121
110127
110268
110302
110379
110520
110597
110653
110657
110766
110824
110837
110852
110853
110886
110894
110898
110919
110945
110998
111002
111118
111121
111125
111186
111319
111368
111374
111381
111382
111389
111394
111414
111429
111430
111437
111445
111468
111478
111592
111794
111809
111835
111852
111869
111926
111965
112033
112054
112059
112113
112146
112214
112271
112308
112369
112379
112433
112461
112467
112505
112565
112718
112762
112764
112790
112794
112796
112819
112898
112919
112923
112929
112961
112985
112987
113022
113057
113058
113080
113104
113207
113218
113290
113302
113336
113367
113474
113616
113631
113669
113703
113710
113746
113805
113831
113864
113915
113941
114061
114140
114163
114177
114193
114198
114236
114245
114288
114497
114500
114510
114516
114580
114583
114587
114624
114626
114627
114682
114683
114795
114797
114842
114907
114989
115004
115070
115125
115228
115370
115376
115449
115452
115496
115516
115523
115554
115602
115745
115748
115778
115805
115810
115842
115962
116041
116049
116075
116289
116423
116446
116537
116613
116690
116733
116820
116858
116882
116895
116899
117038
117046
117288
117675
117717
117982
118037
118266
118273
118284
118322
118340
118349
118419
118457
118498
118515
118544
118562
118565
118597
118659
118756
118770
118811
118889
118899
118917
119012
119021
119093
119256
119281
119282
119377
119391
119452
119496
119511
119609
119643
119660
120128
120166
120464
120487
120591
120638
120722
120811
120835
120850
120885
120982
121050
121111
121185
121437
121608
121952
122561
122634
128659
128952
165116
166334
168804
174992
183138
